0.001	-341.01187124857
0.00100677197708771	-341.01187124857
0.0010135898138491	-341.01187124857
0.00102045382084483	-341.011871248569
0.00102736431073866	-341.01187124857
0.00103432159831172	-341.011871248569
0.00104132600047681	-341.01187124857
0.00104837783629288	-341.01187124857
0.00105547742697953	-341.01187124857
0.00106262509593163	-341.01187124857
0.00106982116873411	-341.011871248569
0.00107706597317673	-341.01187124857
0.00108435983926904	-341.01187124857
0.00109170309925541	-341.01187124857
0.00109909608763015	-341.01187124857
0.00110653914115278	-341.01187124857
0.00111403259886332	-341.011871248569
0.00112157680209779	-341.01187124857
0.00112917209450371	-341.01187124857
0.00113681882205577	-341.011871248569
0.00114451733307162	-341.011871248569
0.00115226797822767	-341.01187124857
0.00116007111057513	-341.01187124857
0.00116792708555607	-341.011871248569
0.00117583626101958	-341.01187124857
0.0011837989972381	-341.01187124857
0.00119181565692386	-341.01187124857
0.00119988660524533	-341.01187124857
0.0012080122098439	-341.01187124857
0.00121619284085064	-341.01187124857
0.00122442887090313	-341.01187124857
0.00123272067516242	-341.01187124857
0.00124106863133017	-341.01187124857
0.00124947311966582	-341.01187124857
0.00125793452300391	-341.01187124857
0.00126645322677154	-341.011871248569
0.00127502961900589	-341.01187124857
0.00128366409037196	-341.01187124857
0.00129235703418028	-341.011871248569
0.00130110884640489	-341.01187124857
0.00130991992570137	-341.01187124857
0.00131879067342496	-341.01187124857
0.00132772149364888	-341.01187124857
0.00133671279318274	-341.01187124857
0.00134576498159103	-341.01187124857
0.00135487847121181	-341.01187124857
0.00136405367717549	-341.011871248569
0.00137329101742374	-341.011871248569
0.00138259091272849	-341.01187124857
0.00139195378671117	-341.01187124857
0.00140138006586194	-341.01187124857
0.00141087017955913	-341.01187124857
0.00142042456008885	-341.01187124857
0.0014300436426646	-341.01187124857
0.00143972786544715	-341.01187124857
0.0014494776695645	-341.01187124857
0.00145929349913195	-341.01187124857
0.00146917580127232	-341.01187124857
0.00147912502613636	-341.01187124857
0.00148914162692322	-341.01187124857
0.0014992260599011	-341.01187124857
0.00150937878442806	-341.01187124857
0.00151960026297289	-341.01187124857
0.00152989096113622	-341.01187124857
0.00154025134767174	-341.011871248569
0.00155068189450749	-341.01187124857
0.00156118307676743	-341.01187124857
0.00157175537279303	-341.011871248569
0.00158239926416507	-341.011871248569
0.00159311523572561	-341.01187124857
0.00160390377560003	-341.01187124857
0.0016147653752193	-341.01187124857
0.00162570052934232	-341.01187124857
0.00163670973607851	-341.011871248569
0.00164779349691047	-341.01187124857
0.00165895231671683	-341.01187124857
0.00167018670379525	-341.01187124857
0.00168149716988555	-341.01187124857
0.00169288423019307	-341.01187124857
0.00170434840341209	-341.011871248569
0.00171589021174948	-341.01187124857
0.00172751018094848	-341.011871248569
0.00173920884031266	-341.01187124857
0.00175098672273	-341.01187124857
0.00176284436469723	-341.01187124857
0.00177478230634416	-341.01187124857
0.0017868010914584	-341.01187124857
0.00179890126751006	-341.01187124857
0.0018110833856767	-341.01187124857
0.00182334800086844	-341.01187124857
0.00183569567175325	-341.011871248569
0.00184812696078238	-341.01187124857
0.00186064243421598	-341.01187124857
0.00187324266214892	-341.011871248569
0.00188592821853672	-341.01187124857
0.00189869968122173	-341.01187124857
0.00191155763195941	-341.01187124857
0.00192450265644489	-341.01187124857
0.00193753534433958	-341.01187124857
0.00195065628929808	-341.011871248569
0.00196386608899521	-341.011871248569
0.00197716534515323	-341.01187124857
0.00199055466356923	-341.01187124857
0.00200403465414276	-341.01187124857
0.0020176059309036	-341.01187124857
0.00203126911203971	-341.01187124857
0.00204502481992543	-341.01187124857
0.00205887368114977	-341.01187124857
0.00207281632654501	-341.01187124857
0.00208685339121542	-341.011871248569
0.00210098551456614	-341.01187124857
0.00211521334033241	-341.01187124857
0.00212953751660876	-341.01187124857
0.00214395869587866	-341.01187124857
0.00215847753504416	-341.01187124857
0.00217309469545582	-341.01187124857
0.00218781084294289	-341.01187124857
0.00220262664784355	-341.01187124857
0.00221754278503553	-341.01187124857
0.00223255993396682	-341.01187124857
0.00224767877868659	-341.01187124857
0.00226290000787639	-341.01187124857
0.00227822431488152	-341.01187124857
0.00229365239774257	-341.01187124857
0.00230918495922727	-341.011871248569
0.00232482270686245	-341.01187124857
0.00234056635296632	-341.011871248569
0.00235641661468088	-341.011871248569
0.00237237421400461	-341.01187124857
0.00238843987782533	-341.01187124857
0.00240461433795335	-341.01187124857
0.00242089833115475	-341.011871248569
0.00243729259918502	-341.01187124857
0.00245379788882276	-341.01187124857
0.00247041495190374	-341.01187124857
0.00248714454535518	-341.01187124857
0.00250398743123016	-341.01187124857
0.00252094437674237	-341.01187124857
0.00253801615430108	-341.01187124857
0.00255520354154625	-341.01187124857
0.00257250732138405	-341.01187124857
0.00258992828202244	-341.01187124857
0.00260746721700711	-341.01187124857
0.00262512492525765	-341.01187124857
0.00264290221110388	-341.01187124857
0.00266079988432255	-341.01187124857
0.00267881876017417	-341.01187124857
0.00269695965944021	-341.01187124857
0.00271522340846043	-341.01187124857
0.00273361083917055	-341.01187124857
0.00275212278914014	-341.01187124857
0.00277076010161077	-341.01187124857
0.00278952362553443	-341.01187124857
0.00280841421561219	-341.011871248569
0.00282743273233312	-341.011871248569
0.00284658004201354	-341.01187124857
0.00286585701683639	-341.01187124857
0.00288526453489108	-341.01187124857
0.00290480348021335	-341.01187124857
0.00292447474282567	-341.01187124857
0.00294427921877768	-341.01187124857
0.00296421781018708	-341.01187124857
0.00298429142528066	-341.01187124857
0.00300450097843572	-341.01187124857
0.0030248473902217	-341.011871248569
0.00304533158744211	-341.01187124857
0.00306595450317676	-341.01187124857
0.00308671707682425	-341.01187124857
0.00310762025414476	-341.01187124857
0.00312866498730314	-341.01187124857
0.0031498522349123	-341.01187124857
0.0031711829620768	-341.01187124857
0.00319265814043694	-341.01187124857
0.00321427874821288	-341.01187124857
0.0032360457702493	-341.01187124857
0.00325796019806023	-341.01187124857
0.00328002302987417	-341.01187124857
0.00330223527067966	-341.01187124857
0.00332459793227094	-341.01187124857
0.00334711203329414	-341.011871248569
0.00336977859929362	-341.01187124857
0.00339259866275871	-341.01187124857
0.00341557326317072	-341.011871248569
0.00343870344705032	-341.01187124857
0.00346199026800519	-341.01187124857
0.00348543478677801	-341.01187124857
0.00350903807129479	-341.01187124857
0.00353280119671351	-341.011871248569
0.0035567252454731	-341.011871248569
0.00358081130734274	-341.01187124857
0.00360506047947149	-341.01187124857
0.0036294738664383	-341.011871248569
0.00365405258030228	-341.01187124857
0.00367879774065338	-341.01187124857
0.00370371047466343	-341.01187124857
0.00372879191713737	-341.01187124857
0.00375404321056508	-341.011871248569
0.00377946550517331	-341.01187124857
0.00380505995897815	-341.01187124857
0.00383082773783773	-341.01187124857
0.00385677001550535	-341.01187124857
0.00388288797368294	-341.01187124857
0.00390918280207488	-341.01187124857
0.00393565569844221	-341.01187124857
0.00396230786865719	-341.01187124857
0.00398914052675821	-341.01187124857
0.00401615489500509	-341.01187124857
0.00404335220393477	-341.01187124857
0.00407073369241738	-341.01187124857
0.00409830060771261	-341.01187124857
0.00412605420552661	-341.01187124857
0.0041539957500691	-341.01187124857
0.00418212651411103	-341.01187124857
0.00421044777904251	-341.01187124857
0.0042389608349312	-341.01187124857
0.00426766698058107	-341.01187124857
0.00429656752359156	-341.01187124857
0.00432566378041714	-341.01187124857
0.00435495707642728	-341.01187124857
0.00438444874596682	-341.01187124857
0.00441414013241676	-341.011871248569
0.00444403258825545	-341.01187124857
0.00447412747512017	-341.01187124857
0.0045044261638692	-341.01187124857
0.00453493003464422	-341.01187124857
0.00456564047693321	-341.01187124857
0.00459655888963375	-341.01187124857
0.00462768668111667	-341.01187124857
0.00465902526929032	-341.01187124857
0.00469057608166503	-341.01187124857
0.00472234055541824	-341.01187124857
0.00475432013745992	-341.01187124857
0.00478651628449846	-341.011871248569
0.00481893046310705	-341.011871248569
0.0048515641497905	-341.01187124857
0.00488441883105245	-341.011871248569
0.00491749600346314	-341.01187124857
0.00495079717372752	-341.01187124857
0.00498432385875392	-341.01187124857
0.00501807758572315	-341.01187124857
0.00505205989215804	-341.01187124857
0.00508627232599349	-341.01187124857
0.00512071644564699	-341.011871248569
0.00515539382008959	-341.01187124857
0.00519030602891739	-341.01187124857
0.00522545466242344	-341.01187124857
0.00526084132167025	-341.01187124857
0.0052964676185627	-341.01187124857
0.00533233517592143	-341.011871248569
0.00536844562755679	-341.01187124857
0.00540480061834324	-341.01187124857
0.00544140180429432	-341.01187124857
0.00547825085263804	-341.011871248569
0.00551534944189286	-341.011871248569
0.00555269926194409	-341.01187124857
0.00559030201412095	-341.011871248569
0.00562815941127398	-341.01187124857
0.00566627317785312	-341.01187124857
0.00570464504998628	-341.01187124857
0.00574327677555832	-341.011871248569
0.00578217011429081	-341.01187124857
0.00582132683782205	-341.01187124857
0.00586074872978787	-341.01187124857
0.00590043758590284	-341.01187124857
0.00594039521404206	-341.01187124857
0.00598062343432353	-341.01187124857
0.00602112407919101	-341.01187124857
0.00606189899349757	-341.01187124857
0.00610295003458957	-341.01187124857
0.00614427907239128	-341.01187124857
0.00618588798949003	-341.01187124857
0.00622777868122203	-341.01187124857
0.00626995305575861	-341.01187124857
0.00631241303419325	-341.01187124857
0.006355160550629	-341.01187124857
0.0063981975522666	-341.011871248569
0.00644152599949322	-341.01187124857
0.0064851478659717	-341.01187124857
0.0065290651387305	-341.01187124857
0.00657327981825417	-341.011871248569
0.00661779391857453	-341.01187124857
0.00666260946736233	-341.01187124857
0.00670772850601969	-341.011871248569
0.00675315308977306	-341.01187124857
0.00679888528776683	-341.01187124857
0.00684492718315758	-341.01187124857
0.006891280873209	-341.01187124857
0.00693794846938737	-341.01187124857
0.0069849320974578	-341.01187124857
0.00703223389758102	-341.01187124857
0.00707985602441089	-341.01187124857
0.00712780064719251	-341.011871248569
0.0071760699498611	-341.01187124857
0.00722466613114139	-341.01187124857
0.00727359140464786	-341.011871248569
0.00732284799898552	-341.01187124857
0.00737243815785147	-341.01187124857
0.00742236414013703	-341.01187124857
0.00747262822003071	-341.011871248569
0.00752323268712176	-341.011871248569
0.00757417984650449	-341.01187124857
0.00762547201888325	-341.01187124857
0.00767711154067812	-341.01187124857
0.00772910076413143	-341.011871248569
0.00778144205741475	-341.01187124857
0.00783413780473694	-341.01187124857
0.00788719040645262	-341.01187124857
0.00794060227917155	-341.01187124857
0.00799437585586875	-341.011871248569
0.00804851358599527	-341.01187124857
0.00810301793558978	-341.01187124857
0.00815789138739093	-341.01187124857
0.0082131364409504	-341.01187124857
0.00826875561274679	-341.01187124857
0.00832475143630022	-341.01187124857
0.00838112646228775	-341.01187124857
0.0084378832586596	-341.01187124857
0.00849502441075605	-341.011871248569
0.00855255252142526	-341.01187124857
0.00861047021114183	-341.011871248569
0.00866878011812612	-341.011871248569
0.0087274848984645	-341.01187124857
0.00878658722623027	-341.011871248569
0.0088460897936055	-341.011871248569
0.00890599531100367	-341.01187124857
0.00896630650719307	-341.011871248569
0.0090270261294212	-341.01187124857
0.00908815694353983	-341.01187124857
0.00914970173413104	-341.01187124857
0.009211663304634	-341.01187124857
0.00927404447747271	-341.011871248569
0.00933684809418459	-341.01187124857
0.00940007701554987	-341.01187124857
0.00946373412172193	-341.01187124857
0.00952782231235844	-341.01187124857
0.00959234450675355	-341.01187124857
0.00965730364397074	-341.011871248569
0.00972270268297681	-341.011871248569
0.00978854460277659	-341.01187124857
0.00985483240254865	-341.01187124857
0.00992156910178198	-341.011871248569
0.00998875774041342	-341.01187124857
0.0100564013789662	-341.01187124857
0.0101245030986894	-341.01187124857
0.0101930660016982	-341.01187124857
0.0102620932111153	-341.011871248569
0.010331587871213	-341.011871248569
0.0104015531475565	-341.011871248569
0.0104719922271484	-341.011871248569
0.0105429083185734	-341.01187124857
0.0106143046521446	-341.01187124857
0.010686184480051	-341.011871248569
0.010758551076505	-341.01187124857
0.0108314077378921	-341.01187124857
0.0109047577829208	-341.01187124857
0.0109786045527738	-341.01187124857
0.0110529514112602	-341.01187124857
0.0111278017449689	-341.01187124857
0.0112031589634224	-341.01187124857
0.0112790264992328	-341.01187124857
0.0113554078082573	-341.011871248569
0.0114323063697564	-341.01187124857
0.0115097256865522	-341.01187124857
0.0115876692851874	-341.01187124857
0.0116661407160867	-341.011871248569
0.0117451435537181	-341.01187124857
0.0118246813967557	-341.01187124857
0.0119047578682441	-341.011871248569
0.0119853766157626	-341.011871248569
0.0120665413115922	-341.01187124857
0.0121482556528823	-341.011871248569
0.0122305233618193	-341.01187124857
0.0123133481857962	-341.01187124857
0.0123967338975835	-341.011871248569
0.0124806842955004	-341.011871248569
0.0125652032035885	-341.01187124857
0.0126502944717857	-341.01187124857
0.0127359619761015	-341.01187124857
0.0128222096187937	-341.011871248569
0.012909041328546	-341.01187124857
0.0129964610606473	-341.01187124857
0.0130844727971713	-341.01187124857
0.0131730805471586	-341.011871248569
0.0132622883467986	-341.01187124857
0.0133521002596137	-341.011871248569
0.0134425203766447	-341.01187124857
0.0135335528166365	-341.01187124857
0.0136252017262261	-341.01187124857
0.0137174712801316	-341.01187124857
0.013810365681342	-341.01187124857
0.013903889161309	-341.011871248569
0.0139980459801395	-341.01187124857
0.0140928404267898	-341.01187124857
0.0141882768192608	-341.01187124857
0.014284359504795	-341.01187124857
0.0143810928600741	-341.011871248569
0.0144784812914188	-341.01187124857
0.0145765292349892	-341.01187124857
0.014675241156987	-341.01187124857
0.0147746215538587	-341.011871248569
0.0148746749525011	-341.01187124857
0.0149754059104667	-341.01187124857
0.0150768190161716	-341.01187124857
0.0151789188891047	-341.01187124857
0.015281710180038	-341.01187124857
0.0153851975712383	-341.011871248569
0.0154893857766806	-341.01187124857
0.0155942795422631	-341.01187124857
0.0156998836460227	-341.01187124857
0.0158062028983533	-341.01187124857
0.0159132421422248	-341.01187124857
0.0160210062534031	-341.011871248569
0.0161295001406733	-341.01187124857
0.0162387287460622	-341.01187124857
0.0163486970450642	-341.011871248569
0.0164594100468673	-341.01187124857
0.016570872794582	-341.01187124857
0.0166830903654703	-341.011871248569
0.0167960678711776	-341.01187124857
0.0169098104579649	-341.01187124857
0.0170243233069438	-341.01187124857
0.0171396116343122	-341.01187124857
0.0172556806915921	-341.01187124857
0.0173725357658685	-341.01187124857
0.0174901821800305	-341.01187124857
0.0176086252930136	-341.01187124857
0.017727870500044	-341.01187124857
0.0178479232328843	-341.01187124857
0.0179687889600806	-341.011871248569
0.0180904731872123	-341.01187124857
0.018212981457142	-341.01187124857
0.0183363193502687	-341.011871248569
0.0184604924847817	-341.011871248569
0.0185855065169166	-341.01187124857
0.0187113671412127	-341.011871248569
0.0188380800907728	-341.01187124857
0.018965651137524	-341.01187124857
0.0190940860924809	-341.01187124857
0.01922339080601	-341.01187124857
0.0193535711680965	-341.011871248569
0.0194846331086123	-341.01187124857
0.0196165825975863	-341.011871248569
0.0197494256454764	-341.01187124857
0.0198831683034431	-341.01187124857
0.0200178166636252	-341.01187124857
0.0201533768594173	-341.01187124857
0.0202898550657494	-341.011871248569
0.0204272574993677	-341.01187124857
0.0205655904191182	-341.011871248569
0.0207048601262318	-341.011871248569
0.020845072964611	-341.011871248569
0.020986235321119	-341.01187124857
0.021128353625871	-341.011871248569
0.0212714343525265	-341.01187124857
0.0214154840185847	-341.01187124857
0.0215605091856808	-341.011871248569
0.0217065164598857	-341.01187124857
0.0218535124920061	-341.01187124857
0.0220015039778881	-341.01187124857
0.0221504976587216	-341.011871248569
0.0223005003213479	-341.01187124857
0.0224515187985686	-341.011871248569
0.0226035599694569	-341.011871248569
0.0227566307596709	-341.01187124857
0.0229107381417689	-341.011871248569
0.0230658891355276	-341.01187124857
0.0232220908082611	-341.01187124857
0.0233793502751435	-341.01187124857
0.0235376746995324	-341.01187124857
0.0236970712932957	-341.01187124857
0.0238575473171398	-341.01187124857
0.0240191100809405	-341.01187124857
0.024181766944076	-341.01187124857
0.0243455253157617	-341.011871248569
0.0245103926553884	-341.01187124857
0.0246763764728615	-341.01187124857
0.0248434843289436	-341.01187124857
0.0250117238355982	-341.011871248569
0.0251811026563371	-341.01187124857
0.0253516285065691	-341.01187124857
0.0255233091539519	-341.01187124857
0.0256961524187451	-341.01187124857
0.0258701661741672	-341.01187124857
0.026045358346754	-341.01187124857
0.0262217369167196	-341.01187124857
0.0263993099183197	-341.01187124857
0.026578085440218	-341.01187124857
0.0267580716258544	-341.01187124857
0.0269392766738161	-341.01187124857
0.0271217088382108	-341.01187124857
0.0273053764290428	-341.011871248569
0.0274902878125917	-341.01187124857
0.0276764514117932	-341.011871248569
0.0278638757066231	-341.01187124857
0.0280525692344833	-341.01187124857
0.0282425405905907	-341.01187124857
0.028433798428369	-341.01187124857
0.0286263514598426	-341.01187124857
0.0288202084560335	-341.01187124857
0.0290153782473609	-341.011871248569
0.0292118697240434	-341.01187124857
0.0294096918365039	-341.01187124857
0.0296088535957775	-341.01187124857
0.0298093640739215	-341.01187124857
0.0300112324044295	-341.011871248569
0.0302144677826463	-341.011871248569
0.0304190794661879	-341.01187124857
0.0306250767753623	-341.01187124857
0.0308324690935945	-341.01187124857
0.031041265867854	-341.011871248569
0.0312514766090847	-341.011871248569
0.0314631108926387	-341.01187124857
0.0316761783587118	-341.01187124857
0.0318906887127834	-341.01187124857
0.0321066517260578	-341.01187124857
0.0323240772359098	-341.01187124857
0.0325429751463329	-341.01187124857
0.0327633554283899	-341.011871248569
0.0329852281206676	-341.01187124857
0.0332086033297338	-341.011871248569
0.0334334912305977	-341.011871248569
0.0336599020671736	-341.01187124857
0.0338878461527472	-341.01187124857
0.0341173338704456	-341.01187124857
0.0343483756737102	-341.01187124857
0.0345809820867727	-341.01187124857
0.034815163705135	-341.011871248569
0.0350509311960512	-341.01187124857
0.0352882952990139	-341.011871248569
0.0355272668262433	-341.01187124857
0.0357678566631797	-341.01187124857
0.0360100757689794	-341.01187124857
0.0362539351770138	-341.01187124857
0.036499445995372	-341.01187124857
0.0367466194073669	-341.01187124857
0.0369954666720445	-341.011871248569
0.0372459991246969	-341.01187124857
0.0374982281773784	-341.01187124857
0.0377521653194254	-341.01187124857
0.0380078221179802	-341.01187124857
0.0382652102185171	-341.01187124857
0.0385243413453734	-341.01187124857
0.0387852273022835	-341.011871248569
0.0390478799729164	-341.011871248569
0.0393123113214168	-341.01187124857
0.0395785333929505	-341.01187124857
0.0398465583142529	-341.011871248569
0.0401163982941813	-341.01187124857
0.0403880656242711	-341.01187124857
0.0406615726792957	-341.01187124857
0.0409369319178303	-341.01187124857
0.0412141558828192	-341.01187124857
0.0414932572021471	-341.01187124857
0.0417742485892147	-341.011871248569
0.0420571428435173	-341.01187124857
0.0423419528512283	-341.01187124857
0.0426286915857859	-341.01187124857
0.0429173721084841	-341.01187124857
0.0432080075690676	-341.01187124857
0.0435006112063311	-341.01187124857
0.043795196348722	-341.01187124857
0.0440917764149475	-341.01187124857
0.0443903649145861	-341.011871248569
0.0446909754487029	-341.01187124857
0.0449936217104691	-341.01187124857
0.0452983174857857	-341.01187124857
0.0456050766539114	-341.011871248569
0.0459139131880952	-341.01187124857
0.0462248411562122	-341.01187124857
0.0465378747214053	-341.01187124857
0.0468530281427296	-341.01187124857
0.0471703157758022	-341.01187124857
0.0474897520734562	-341.01187124857
0.0478113515863988	-341.011871248569
0.0481351289638745	-341.01187124857
0.0484610989543321	-341.01187124857
0.0487892764060962	-341.01187124857
0.0491196762680445	-341.01187124857
0.0494523135902876	-341.011871248569
0.0497872035248555	-341.01187124857
0.0501243613263872	-341.01187124857
0.0504638023528257	-341.01187124857
0.050805542066118	-341.01187124857
0.0511495960329186	-341.01187124857
0.0514959799252994	-341.011871248569
0.0518447095214629	-341.01187124857
0.0521958007064615	-341.01187124857
0.0525492694729205	-341.011871248569
0.0529051319217672	-341.01187124857
0.0532634042629639	-341.011871248569
0.0536241028162463	-341.011871248569
0.0539872440118672	-341.01187124857
0.0543528443913444	-341.01187124857
0.0547209206082147	-341.011871248569
0.0550914894287921	-341.01187124857
0.0554645677329319	-341.011871248569
0.0558401725147993	-341.01187124857
0.0562183208836435	-341.01187124857
0.0565990300645773	-341.01187124857
0.0569823173993615	-341.011871248569
0.0573682003471948	-341.01187124857
0.0577566964855094	-341.01187124857
0.0581478235107713	-341.01187124857
0.0585415992392867	-341.01187124857
0.0589380416080133	-341.01187124857
0.0593371686753775	-341.01187124857
0.0597389986220969	-341.01187124857
0.0601435497520088	-341.01187124857
0.0605508404929032	-341.01187124857
0.0609608893973629	-341.01187124857
0.0613737151436086	-341.01187124857
0.0617893365363489	-341.01187124857
0.0622077725076381	-341.01187124857
0.0626290421177376	-341.01187124857
0.0630531645559844	-341.01187124857
0.0634801591416654	-341.01187124857
0.0639100453248972	-341.01187124857
0.0643428426875122	-341.01187124857
0.0647785709439504	-341.011871248569
0.0652172499421576	-341.011871248569
0.0656588996644897	-341.011871248569
0.0661035402286221	-341.01187124857
0.0665511918884671	-341.01187124857
0.0670018750350959	-341.01187124857
0.0674556101976674	-341.01187124857
0.0679124180443638	-341.011871248569
0.0683723193833315	-341.01187124857
0.0688353351636293	-341.01187124857
0.0693014864761825	-341.01187124857
0.0697707945547437	-341.01187124857
0.07024328077686	-341.01187124857
0.0707189666648468	-341.01187124857
0.071197873886768	-341.01187124857
0.0716800242574231	-341.01187124857
0.0721654397393412	-341.01187124857
0.0726541424437808	-341.01187124857
0.0731461546317376	-341.011871248569
0.0736414987149581	-341.01187124857
0.0741401972569607	-341.011871248569
0.0746422729740634	-341.01187124857
0.0751477487364187	-341.01187124857
0.075656647569055	-341.011871248569
0.0761689926529259	-341.011871248569
0.0766848073259658	-341.01187124857
0.077204115084153	-341.01187124857
0.0777269395825801	-341.011871248569
0.0782533046365314	-341.01187124857
0.078783234222568	-341.01187124857
0.0793167524796192	-341.01187124857
0.0798538837100831	-341.01187124857
0.0803946523809327	-341.01187124857
0.0809390831248311	-341.011871248569
0.0814872007412531	-341.01187124857
0.0820390301976148	-341.01187124857
0.0825945966304113	-341.01187124857
0.0831539253463614	-341.01187124857
0.0837170418235605	-341.01187124857
0.0842839717126408	-341.01187124857
0.0848547408379404	-341.01187124857
0.0854293751986788	-341.011871248569
0.086007900970142	-341.01187124857
0.0865903445048742	-341.01187124857
0.0871767323338784	-341.011871248569
0.0877670911678253	-341.011871248569
0.0883614478982691	-341.011871248569
0.0889598295988734	-341.01187124857
0.0895622635266439	-341.01187124857
0.0901687771231701	-341.01187124857
0.0907793980158754	-341.01187124857
0.0913941540192754	-341.011871248569
0.0920130731362449	-341.01187124857
0.0926361835592937	-341.01187124857
0.0932635136718506	-341.01187124857
0.0938950920495561	-341.01187124857
0.0945309474615645	-341.01187124857
0.095171108871854	-341.01187124857
0.0958156054405466	-341.01187124857
0.0964644665252354	-341.01187124857
0.0971177216823228	-341.01187124857
0.0977754006683665	-341.01187124857
0.0984375334414348	-341.011871248569
0.0991041501624713	-341.01187124857
0.0997752811966689	-341.01187124857
0.100450957114853	-341.01187124857
0.101131208694874	-341.01187124857
0.101816066923008	-341.011871248569
0.102505562995372	-341.01187124857
0.10319972831934	-341.01187124857
0.103898594514977	-341.011871248569
0.104602193416478	-341.011871248569
0.105310557073619	-341.01187124857
0.106023717753216	-341.01187124857
0.106741707940595	-341.01187124857
0.107464560341072	-341.01187124857
0.108192307881443	-341.01187124857
0.108924983711483	-341.01187124857
0.109662621205457	-341.01187124857
0.110405253963639	-341.01187124857
0.111152915813844	-341.01187124857
0.111905640812968	-341.01187124857
0.112663463248539	-341.01187124857
0.113426417640281	-341.01187124857
0.114194538741682	-341.011871248569
0.114967861541583	-341.01187124857
0.115746421265766	-341.011871248569
0.116530253378563	-341.01187124857
0.117319393584468	-341.01187124857
0.118113877829766	-341.01187124857
0.118913742304171	-341.01187124857
0.119719023442469	-341.01187124857
0.120529757926185	-341.01187124857
0.121345982685249	-341.01187124857
0.122167734899679	-341.01187124857
0.122995052001278	-341.01187124857
0.123827971675333	-341.01187124857
0.124666531862336	-341.01187124857
0.125510770759712	-341.01187124857
0.126360726823559	-341.01187124857
0.127216438770395	-341.01187124857
0.128077945578928	-341.011871248569
0.12894528649183	-341.01187124857
0.129818501017522	-341.01187124857
0.130697628931974	-341.01187124857
0.13158271028052	-341.01187124857
0.132473785379679	-341.01187124857
0.133370894818993	-341.01187124857
0.134274079462875	-341.01187124857
0.135183380452471	-341.011871248569
0.136098839207535	-341.01187124857
0.137020497428313	-341.01187124857
0.137948397097445	-341.01187124857
0.138882580481875	-341.01187124857
0.139823090134781	-341.01187124857
0.140769968897507	-341.01187124857
0.141723259901519	-341.011871248569
0.142683006570369	-341.01187124857
0.143649252621669	-341.01187124857
0.144622042069091	-341.011871248569
0.145601419224361	-341.01187124857
0.146587428699287	-341.01187124857
0.147580115407786	-341.01187124857
0.148579524567929	-341.01187124857
0.149585701704007	-341.01187124857
0.150598692648596	-341.01187124857
0.151618543544652	-341.01187124857
0.152645300847609	-341.011871248569
0.153679011327496	-341.01187124857
0.154719722071068	-341.01187124857
0.155767480483951	-341.011871248569
0.156822334292799	-341.011871248569
0.157884331547472	-341.011871248569
0.158953520623221	-341.01187124857
0.160029950222892	-341.01187124857
0.16111366937915	-341.011871248569
0.162204727456703	-341.01187124857
0.163303174154559	-341.01187124857
0.164409059508284	-341.01187124857
0.165522433892287	-341.011871248569
0.166643348022108	-341.01187124857
0.167771852956734	-341.01187124857
0.16890800010092	-341.011871248569
0.170051841207535	-341.01187124857
0.171203428379916	-341.01187124857
0.172362814074243	-341.01187124857
0.173530051101928	-341.01187124857
0.17470519263202	-341.011871248569
0.175888292193629	-341.01187124857
0.177079403678361	-341.01187124857
0.178278581342777	-341.01187124857
0.17948587981086	-341.011871248569
0.180701354076508	-341.01187124857
0.181925059506033	-341.011871248569
0.183157051840689	-341.01187124857
0.184397387199207	-341.01187124857
0.185646122080354	-341.011871248569
0.186903313365506	-341.01187124857
0.188169018321235	-341.01187124857
0.189443294601923	-341.01187124857
0.190726200252389	-341.01187124857
0.192017793710525	-341.01187124857
0.193318133809966	-341.01187124857
0.194627279782767	-341.01187124857
0.1959452912621	-341.01187124857
0.197272228284972	-341.01187124857
0.19860815129496	-341.01187124857
0.199953121144963	-341.01187124857
0.201307199099973	-341.01187124857
0.20267044683987	-341.01187124857
0.204042926462227	-341.01187124857
0.205424700485139	-341.01187124857
0.206815831850075	-341.01187124857
0.20821638392474	-341.011871248569
0.209626420505965	-341.01187124857
0.211046005822611	-341.01187124857
0.212475204538495	-341.01187124857
0.213914081755337	-341.01187124857
0.215362703015724	-341.01187124857
0.216821134306095	-341.01187124857
0.218289442059747	-341.011871248569
0.219767693159866	-341.01187124857
0.221255954942564	-341.01187124857
0.222754295199956	-341.01187124857
0.22426278218324	-341.01187124857
0.225781484605812	-341.01187124857
0.227310471646392	-341.01187124857
0.228849812952179	-341.01187124857
0.230399578642019	-341.011871248569
0.231959839309602	-341.01187124857
0.233530666026676	-341.011871248569
0.235112130346287	-341.01187124857
0.236704304306036	-341.01187124857
0.23830726043136	-341.011871248569
0.239921071738837	-341.01187124857
0.241545811739512	-341.01187124857
0.243181554442245	-341.01187124857
0.244828374357083	-341.01187124857
0.246486346498651	-341.01187124857
0.248155546389574	-341.01187124857
0.249836050063914	-341.01187124857
0.251527934070632	-341.01187124857
0.253231275477078	-341.01187124857
0.254946151872501	-341.01187124857
0.256672641371583	-341.01187124857
0.258410822617994	-341.01187124857
0.260160774787981	-341.01187124857
0.261922577593967	-341.011871248569
0.263696311288188	-341.01187124857
0.265482056666346	-341.01187124857
0.26727989507129	-341.01187124857
0.269089908396719	-341.01187124857
0.270912179090917	-341.01187124857
0.272746790160504	-341.01187124857
0.274593825174218	-341.01187124857
0.276453368266725	-341.01187124857
0.278325504142449	-341.011871248569
0.280210318079428	-341.01187124857
0.282107895933203	-341.01187124857
0.284018324140726	-341.011871248569
0.285941689724298	-341.011871248569
0.287878080295533	-341.011871248569
0.28982758405935	-341.01187124857
0.291790289817987	-341.011871248569
0.293766286975052	-341.01187124857
0.29575566553959	-341.01187124857
0.297758516130185	-341.01187124857
0.299774929979091	-341.01187124857
0.30180499893638	-341.01187124857
0.303848815474135	-341.01187124857
0.305906472690655	-341.01187124857
0.307978064314699	-341.011871248569
0.310063684709757	-341.01187124857
0.312163428878344	-341.011871248569
0.31427739246633	-341.01187124857
0.316405671767299	-341.01187124857
0.318548363726929	-341.01187124857
0.320705565947417	-341.01187124857
0.322877376691915	-341.01187124857
0.325063894889014	-341.01187124857
0.327265220137246	-341.01187124857
0.329481452709621	-341.01187124857
0.331712693558197	-341.011871248569
0.333959044318677	-341.01187124857
0.336220607315038	-341.01187124857
0.338497485564193	-341.011871248569
0.340789782780682	-341.01187124857
0.3430976033814	-341.011871248569
0.345421052490349	-341.01187124857
0.347760235943427	-341.011871248569
0.350115260293254	-341.011871248569
0.352486232814019	-341.01187124857
0.35487326150637	-341.01187124857
0.357276455102334	-341.01187124857
0.359695923070266	-341.011871248569
0.362131775619842	-341.01187124857
0.364584123707073	-341.011871248569
0.367053079039362	-341.01187124857
0.369538754080591	-341.01187124857
0.372041262056247	-341.01187124857
0.374560716958576	-341.01187124857
0.377097233551778	-341.01187124857
0.379650927377231	-341.011871248569
0.382221914758759	-341.011871248569
0.384810312807927	-341.01187124857
0.387416239429378	-341.011871248569
0.390039813326203	-341.011871248569
0.392681154005344	-341.011871248569
0.395340381783045	-341.011871248569
0.398017617790328	-341.011871248569
0.400712983978511	-341.011871248569
0.403426603124763	-341.01187124857
0.406158598837698	-341.01187124857
0.408909095563005	-341.011871248569
0.411678218589115	-341.01187124857
0.414466094052912	-341.01187124857
0.417272848945472	-341.01187124857
0.420098611117856	-341.01187124857
0.422943509286927	-341.01187124857
0.425807673041215	-341.01187124857
0.428691232846823	-341.01187124857
0.431594320053366	-341.01187124857
0.434517066899955	-341.01187124857
0.437459606521222	-341.01187124857
0.440422072953384	-341.01187124857
0.443404601140348	-341.01187124857
0.446407326939857	-341.01187124857
0.449430387129681	-341.01187124857
0.452473919413846	-341.011871248569
0.455538062428905	-341.01187124857
0.458622955750255	-341.01187124857
0.461728739898496	-341.01187124857
0.464855556345827	-341.011871248569
0.468003547522498	-341.01187124857
0.471172856823289	-341.01187124857
0.474363628614049	-341.01187124857
0.477576008238268	-341.011871248569
0.4808101420237	-341.01187124857
0.484066177289025	-341.01187124857
0.487344262350563	-341.011871248569
0.49064454652903	-341.01187124857
0.493967180156337	-341.01187124857
0.497312314582438	-341.01187124857
0.500680102182228	-341.01187124857
0.504070696362481	-341.01187124857
0.507484251568835	-341.01187124857
0.510920923292835	-341.01187124857
0.514380868079008	-341.01187124857
0.517864243531998	-341.011871248569
0.521371208323743	-341.01187124857
0.524901922200705	-341.011871248569
0.528456545991145	-341.01187124857
0.53203524161245	-341.01187124857
0.535638172078506	-341.01187124857
0.539265501507126	-341.01187124857
0.542917395127527	-341.01187124857
0.546594019287852	-341.01187124857
0.550295541462751	-341.01187124857
0.554022130261008	-341.011871248569
0.557773955433222	-341.01187124857
0.561551187879539	-341.01187124857
0.565353999657438	-341.01187124857
0.569182563989565	-341.01187124857
0.57303705527163	-341.01187124857
0.57691764908034	-341.01187124857
0.58082452218141	-341.01187124857
0.584757852537605	-341.01187124857
0.58871781931685	-341.01187124857
0.592704602900393	-341.01187124857
0.596718384891017	-341.01187124857
0.600759348121317	-341.011871248569
0.604827676662025	-341.01187124857
0.608923555830395	-341.011871248569
0.613047172198648	-341.011871248569
0.617198713602465	-341.01187124857
0.621378369149547	-341.01187124857
0.625586329228229	-341.01187124857
0.62982278551615	-341.01187124857
0.634087930988985	-341.01187124857
0.638381959929239	-341.01187124857
0.642705067935089	-341.01187124857
0.647057451929304	-341.01187124857
0.651439310168204	-341.01187124857
0.655850842250699	-341.011871248569
0.660292249127379	-341.01187124857
0.664763733109664	-341.01187124857
0.669265497879027	-341.01187124857
0.673797748496261	-341.01187124857
0.67836069141083	-341.01187124857
0.682954534470271	-341.01187124857
0.687579486929654	-341.011871248569
0.692235759461123	-341.01187124857
0.69692356416349	-341.01187124857
0.701643114571893	-341.01187124857
0.706394625667526	-341.01187124857
0.711178313887432	-341.01187124857
0.715994397134356	-341.01187124857
0.720843094786682	-341.011871248569
0.725724627708414	-341.011871248569
0.730639218259245	-341.011871248569
0.735587090304682	-341.01187124857
0.740568469226243	-341.01187124857
0.745583581931727	-341.01187124857
0.750632656865545	-341.01187124857
0.755715924019128	-341.01187124857
0.760833614941406	-341.01187124857
0.765985962749352	-341.01187124857
0.771173202138601	-341.01187124857
0.776395569394143	-341.01187124857
0.781653302401082	-341.01187124857
0.786946640655478	-341.01187124857
0.792275825275251	-341.01187124857
0.797641099011165	-341.01187124857
0.803042706257888	-341.01187124857
0.808480893065122	-341.01187124857
0.813955907148813	-341.01187124857
0.819467997902435	-341.01187124857
0.825017416408345	-341.011871248569
0.830604415449227	-341.01187124857
0.836229249519603	-341.01187124857
0.841892174837426	-341.01187124857
0.847593449355751	-341.01187124857
0.853333332774485	-341.01187124857
0.859112086552216	-341.01187124857
0.864929973918126	-341.01187124857
0.870787259883977	-341.01187124857
0.876684211256184	-341.01187124857
0.882621096647972	-341.011871248569
0.888598186491605	-341.01187124857
0.89461575305071	-341.01187124857
0.900674070432678	-341.01187124857
0.906773414601145	-341.01187124857
0.912914063388573	-341.01187124857
0.919096296508892	-341.01187124857
0.925320395570254	-341.01187124857
0.93158664408785	-341.01187124857
0.937895327496833	-341.01187124857
0.944246733165316	-341.011871248569
0.95064115040746	-341.01187124857
0.957078870496657	-341.01187124857
0.963560186678796	-341.01187124857
0.970085394185618	-341.01187124857
0.976654790248169	-341.01187124857
0.983268674110336	-341.01187124857
0.989927347042478	-341.01187124857
0.996631112355151	-341.01187124857
1.00338027541292	-341.01187124857
1.01017514364828	-341.01187124857
1.01701602657565	-341.011871248569
1.02390323580546	-341.01187124857
1.03083708505837	-341.01187124857
1.03781789017955	-341.01187124857
1.04484596915306	-341.011871248569
1.05192164211636	-341.011871248569
1.05904523137484	-341.01187124857
1.06621706141656	-341.01187124857
1.07343745892701	-341.01187124857
1.08070675280396	-341.01187124857
1.08802527417248	-341.01187124857
1.09539335640003	-341.01187124857
1.10281133511161	-341.011871248569
1.11027954820505	-341.01187124857
1.11779833586646	-341.01187124857
1.12536804058563	-341.01187124857
1.13298900717172	-341.01187124857
1.14066158276892	-341.01187124857
1.14838611687227	-341.01187124857
1.15616296134357	-341.01187124857
1.16399247042745	-341.01187124857
1.17187500076746	-341.01187124857
1.17981091142232	-341.01187124857
1.18780056388231	-341.01187124857
1.1958443220857	-341.011871248569
1.20394255243533	-341.01187124857
1.21209562381535	-341.01187124857
1.22030390760794	-341.01187124857
1.22856777771031	-341.01187124857
1.23688761055167	-341.01187124857
1.2452637851104	-341.01187124857
1.25369668293133	-341.011871248569
1.26218668814309	-341.01187124857
1.27073418747561	-341.01187124857
1.27933957027777	-341.01187124857
1.2880032285351	-341.01187124857
1.29672555688764	-341.01187124857
1.30550695264793	-341.01187124857
1.31434781581912	-341.01187124857
1.32324854911313	-341.01187124857
1.33220955796908	-341.01187124857
1.34123125057168	-341.01187124857
1.35031403786987	-341.01187124857
1.35945833359555	-341.01187124857
1.36866455428236	-341.01187124857
1.37793311928472	-341.01187124857
1.38726445079692	-341.01187124857
1.39665897387232	-341.01187124857
1.40611711644273	-341.01187124857
1.41563930933793	-341.01187124857
1.42522598630523	-341.01187124857
1.4348775840293	-341.011871248569
1.44459454215202	-341.01187124857
1.45437730329251	-341.01187124857
1.4642263130673	-341.01187124857
1.47414202011062	-341.01187124857
1.48412487609485	-341.01187124857
1.49417533575107	-341.01187124857
1.5042938568898	-341.011871248569
1.51448090042185	-341.01187124857
1.52473693037929	-341.01187124857
1.53506241393661	-341.01187124857
1.545457821432	-341.01187124857
1.55592362638876	-341.011871248569
1.5664603055369	-341.01187124857
1.57706833883481	-341.011871248569
1.58774820949116	-341.01187124857
1.59850040398689	-341.01187124857
1.60932541209739	-341.01187124857
1.62022372691479	-341.01187124857
1.63119584487043	-341.011871248569
1.64224226575746	-341.01187124857
1.65336349275365	-341.01187124857
1.66456003244424	-341.01187124857
1.67583239484508	-341.01187124857
1.68718109342582	-341.011871248569
1.69860664513332	-341.011871248569
1.7101095704152	-341.01187124857
1.72169039324353	-341.01187124857
1.73334964113872	-341.01187124857
1.74508784519351	-341.01187124857
1.7569055400972	-341.01187124857
1.76880326416002	-341.01187124857
1.78078155933759	-341.01187124857
1.79284097125564	-341.01187124857
1.8049820492349	-341.01187124857
1.81720534631606	-341.01187124857
1.82951141928498	-341.01187124857
1.84190082869809	-341.011871248569
1.85437413890787	-341.01187124857
1.86693191808861	-341.01187124857
1.87957473826223	-341.01187124857
1.89230317532438	-341.01187124857
1.90511780907069	-341.01187124857
1.91801922322311	-341.01187124857
1.93100800545657	-341.01187124857
1.94408474742572	-341.01187124857
1.95725004479186	-341.01187124857
1.97050449725012	-341.01187124857
1.98384870855673	-341.01187124857
1.99728328655657	-341.01187124857
2.0108088432108	-341.011871248569
2.0244259946248	-341.01187124857
2.03813536107617	-341.01187124857
2.05193756704304	-341.01187124857
2.06583324123247	-341.01187124857
2.07982301660914	-341.01187124857
2.09390753042412	-341.011871248569
2.10808742424394	-341.01187124857
2.12236334397982	-341.01187124857
2.13673593991705	-341.01187124857
2.15120586674467	-341.01187124857
2.16577378358522	-341.01187124857
2.18044035402483	-341.01187124857
2.19520624614341	-341.01187124857
2.2100721325451	-341.01187124857
2.22503869038889	-341.01187124857
2.24010660141948	-341.01187124857
2.25527655199833	-341.01187124857
2.27054923313492	-341.011871248569
2.28592534051824	-341.01187124857
2.30140557454845	-341.011871248569
2.31699064036883	-341.01187124857
2.33268124789786	-341.01187124857
2.34847811186156	-341.011871248569
2.36438195182609	-341.01187124857
2.38039349223046	-341.01187124857
2.39651346241959	-341.01187124857
2.41274259667749	-341.01187124857
2.42908163426074	-341.01187124857
2.44553131943215	-341.01187124857
2.46209240149463	-341.01187124857
2.47876563482538	-341.01187124857
2.49555177891023	-341.01187124857
2.51245159837822	-341.01187124857
2.52946586303642	-341.01187124857
2.54659534790506	-341.01187124857
2.56384083325275	-341.01187124857
2.58120310463209	-341.011871248569
2.59868295291539	-341.011871248569
2.61628117433077	-341.011871248569
2.63399857049835	-341.01187124857
2.65183594846684	-341.01187124857
2.66979412075023	-341.01187124857
2.68787390536487	-341.01187124857
2.70607612586666	-341.01187124857
2.72440161138864	-341.01187124857
2.7428511966787	-341.01187124857
2.76142572213761	-341.01187124857
2.78012603385735	-341.01187124857
2.79895298365959	-341.01187124857
2.81790742913452	-341.01187124857
2.83699023367992	-341.011871248569
2.85620226654047	-341.01187124857
2.87554440284736	-341.01187124857
2.89501752365815	-341.01187124857
2.91462251599689	-341.01187124857
2.93436027289456	-341.01187124857
2.9542316934297	-341.011871248569
2.9742376827694	-341.01187124857
2.99437915221053	-341.01187124857
3.01465701922123	-341.01187124857
3.03507220748272	-341.011871248569
3.05562564693134	-341.01187124857
3.07631827380099	-341.01187124857
3.09715103066569	-341.01187124857
3.11812486648255	-341.01187124857
3.139240736635	-341.011871248569
3.16049960297631	-341.01187124857
3.18190243387339	-341.01187124857
3.20345020425093	-341.01187124857
3.22514389563575	-341.01187124857
3.24698449620157	-341.01187124857
3.26897300081401	-341.01187124857
3.29111041107588	-341.01187124857
3.31339773537282	-341.01187124857
3.33583598891925	-341.011871248569
3.35842619380458	-341.01187124857
3.38116937903981	-341.01187124857
3.40406658060435	-341.01187124857
3.42711884149325	-341.011871248569
3.45032721176472	-341.01187124857
3.4736927485879	-341.011871248569
3.4972165162911	-341.01187124857
3.5208995864102	-341.01187124857
3.54474303773751	-341.011871248569
3.5687479563709	-341.01187124857
3.59291543576327	-341.01187124857
3.61724657677235	-341.01187124857
3.64174248771087	-341.01187124857
3.666404284397	-341.01187124857
3.69123309020523	-341.01187124857
3.71623003611752	-341.01187124857
3.74139626077478	-341.01187124857
3.76673291052881	-341.01187124857
3.79224113949445	-341.01187124857
3.81792210960219	-341.01187124857
3.84377699065109	-341.01187124857
3.86980696036206	-341.011871248569
3.89601320443151	-341.011871248569
3.92239691658535	-341.01187124857
3.94895929863339	-341.01187124857
3.97570156052405	-341.01187124857
4.00262492039951	-341.01187124857
4.02973060465116	-341.011871248569
4.05701984797552	-341.011871248569
4.08449389343041	-341.011871248569
4.11215399249163	-341.01187124857
4.14000140510994	-341.011871248569
4.16803739976844	-341.011871248569
4.19626325354041	-341.011871248569
4.2246802521474	-341.01187124857
4.25328969001786	-341.01187124857
4.28209287034608	-341.011871248569
4.31109110515152	-341.01187124857
4.34028571533865	-341.01187124857
4.36967803075706	-341.01187124857
4.39926939026204	-341.01187124857
4.42906114177557	-341.011871248569
4.45905464234776	-341.01187124857
4.4892512582186	-341.01187124857
4.51965236488025	-341.01187124857
4.55025934713965	-341.01187124857
4.58107359918164	-341.01187124857
4.61209652463243	-341.01187124857
4.64332953662357	-341.011871248569
4.67477405785629	-341.01187124857
4.70643152066633	-341.01187124857
4.73830336708918	-341.01187124857
4.77039104892575	-341.01187124857
4.8026960278085	-341.01187124857
4.83521977526808	-341.011871248569
4.86796377280026	-341.01187124857
4.90092951193348	-341.01187124857
4.93411849429679	-341.01187124857
4.96753223168824	-341.01187124857
5.00117224614371	-341.01187124857
5.03504007000631	-341.011871248569
5.06913724599611	-341.01187124857
5.10346532728048	-341.01187124857
5.13802587754477	-341.011871248569
5.17282047106358	-341.01187124857
5.20785069277248	-341.01187124857
5.24311813834017	-341.01187124857
5.27862441424119	-341.01187124857
5.31437113782908	-341.01187124857
5.35035993741007	-341.01187124857
5.38659245231723	-341.011871248569
5.42307033298518	-341.01187124857
5.45979524102521	-341.01187124857
5.49676884930104	-341.011871248569
5.53399284200497	-341.011871248569
5.5714689147346	-341.01187124857
5.6091987745701	-341.01187124857
5.64718414015192	-341.01187124857
5.68542674175913	-341.011871248569
5.7239283213882	-341.011871248569
5.76269063283236	-341.01187124857
5.80171544176148	-341.01187124857
5.84100452580253	-341.01187124857
5.88055967462049	-341.011871248569
5.92038268999996	-341.011871248569
5.96047538592714	-341.01187124857
6.00083958867252	-341.01187124857
6.04147713687406	-341.01187124857
6.08238988162092	-341.011871248569
6.1235796865378	-341.01187124857
6.16504842786982	-341.01187124857
6.206797994568	-341.01187124857
6.24883028837529	-341.01187124857
6.29114722391318	-341.01187124857
6.33375072876895	-341.01187124857
6.37664274358347	-341.01187124857
6.41982522213956	-341.01187124857
6.46330013145102	-341.01187124857
6.50706945185222	-341.011871248569
6.55113517708832	-341.01187124857
6.59549931440609	-341.01187124857
6.64016388464528	-341.01187124857
6.68513092233076	-341.01187124857
6.73040247576516	-341.01187124857
6.77598060712213	-341.01187124857
6.82186739254035	-341.01187124857
6.86806492221806	-341.01187124857
6.91457530050825	-341.011871248569
6.96140064601457	-341.01187124857
7.00854309168778	-341.01187124857
7.05600478492294	-341.011871248569
7.10378788765724	-341.01187124857
7.15189457646844	-341.01187124857
7.20032704267403	-341.01187124857
7.24908749243107	-341.01187124857
7.29817814683664	-341.01187124857
7.34760124202908	-341.011871248569
7.39735902928976	-341.011871248569
7.4474537751457	-341.01187124857
7.4978877614728	-341.01187124857
7.54866328559974	-341.01187124857
7.59978266041269	-341.01187124857
7.65124821446061	-341.011871248569
7.70306229206135	-341.01187124857
7.75522725340843	-341.01187124857
7.80774547467852	-341.01187124857
7.86061934813974	-341.01187124857
7.91385128226059	-341.01187124857
7.96744370181964	-341.011871248569
8.02139904801601	-341.01187124857
8.07571977858059	-341.01187124857
8.13040836788793	-341.01187124857
8.18546730706903	-341.01187124857
8.24089910412473	-341.01187124857
8.29670628404002	-341.011871248569
8.35289138889904	-341.01187124857
8.40945697800083	-341.01187124857
8.46640562797596	-341.01187124857
8.52373993290391	-341.011871248569
8.58146250443117	-341.01187124857
8.63957597189026	-341.011871248569
8.69808298241946	-341.01187124857
8.75698620108344	-341.01187124857
8.81628831099461	-341.01187124857
8.87599201343534	-341.01187124857
8.93610002798106	-341.01187124857
8.99661509262407	-341.01187124857
9.0575399638983	-341.01187124857
9.11887741700488	-341.01187124857
9.1806302459385	-341.01187124857
9.24280126361477	-341.01187124857
9.30539330199827	-341.01187124857
9.36840921223156	-341.011871248569
9.43185186476512	-341.01187124857
9.49572414948803	-341.01187124857
9.56002897585961	-341.01187124857
9.62476927304202	-341.01187124857
9.68994799003359	-341.01187124857
9.75556809580324	-341.01187124857
9.82163257942566	-341.011871248569
9.88814445021747	-341.01187124857
9.95510673787435	-341.01187124857
10.022522492609	-341.01187124857
10.09039478529	-341.01187124857
10.158726707582	-341.01187124857
10.2275213720861	-341.01187124857
10.296781912482	-341.01187124857
10.3665114836705	-341.01187124857
10.4367132619174	-341.01187124857
10.5073904449982	-341.01187124857
10.5785462523434	-341.011871248569
10.6501839251856	-341.011871248569
10.7223067267069	-341.011871248569
10.7949179421876	-341.011871248569
10.8680208791558	-341.011871248569
10.9416188675382	-341.01187124857
11.0157152598117	-341.01187124857
11.0903134311559	-341.011871248569
11.1654167796073	-341.01187124857
11.2410287262136	-341.01187124857
11.3171527151898	-341.011871248569
11.3937922140753	-341.01187124857
11.4709507138911	-341.01187124857
11.5486317292999	-341.01187124857
11.6268387987652	-341.01187124857
11.7055754847129	-341.01187124857
11.7848453736939	-341.01187124857
11.8646520765469	-341.011871248569
11.9449992285629	-341.01187124857
12.0258904896515	-341.01187124857
12.1073295445068	-341.01187124857
12.1893201027756	-341.01187124857
12.2718658992264	-341.01187124857
12.3549706939195	-341.011871248569
12.4386382723781	-341.011871248569
12.522872445761	-341.01187124857
12.607677051036	-341.01187124857
12.6930559511549	-341.01187124857
12.7790130352292	-341.01187124857
12.8655522187074	-341.01187124857
12.9526774435533	-341.01187124857
13.0403926784256	-341.011871248569
13.1287019188587	-341.01187124857
13.2176091874446	-341.01187124857
13.3071185340163	-341.011871248569
13.3972340358322	-341.01187124857
13.4879597977616	-341.01187124857
13.579299952472	-341.01187124857
13.6712586606174	-341.01187124857
13.7638401110273	-341.01187124857
13.8570485208981	-341.011871248569
13.950888135985	-341.01187124857
14.0453632307951	-341.01187124857
14.1404781087827	-341.01187124857
14.2362371025447	-341.011871248569
14.3326445740184	-341.011871248569
14.42970491468	-341.01187124857
14.5274225457447	-341.01187124857
14.625801918368	-341.01187124857
14.7248475138487	-341.011871248569
14.8245638438325	-341.011871248569
14.9249554505183	-341.01187124857
15.0260269068644	-341.01187124857
15.127782816797	-341.01187124857
15.2302278154203	-341.01187124857
15.333366569227	-341.01187124857
15.4372037763113	-341.01187124857
15.5417441665828	-341.011871248569
15.6469925019821	-341.011871248569
15.7529535766971	-341.01187124857
15.8596322173823	-341.01187124857
15.967033283378	-341.01187124857
16.0751616669318	-341.011871248569
16.1840222934216	-341.01187124857
16.2936201215797	-341.01187124857
16.403960143719	-341.01187124857
16.51504738596	-341.01187124857
16.6268869084602	-341.01187124857
16.7394838056443	-341.01187124857
16.8528432064363	-341.01187124857
16.9669702744931	-341.01187124857
17.0818702084399	-341.01187124857
17.1975482421068	-341.01187124857
17.3140096447672	-341.01187124857
17.431259721378	-341.01187124857
17.5493038128212	-341.01187124857
17.6681472961469	-341.01187124857
17.7877955848188	-341.01187124857
17.9082541289601	-341.01187124857
18.0295284156024	-341.011871248569
18.1516239689351	-341.01187124857
18.2745463505576	-341.01187124857
18.3983011597319	-341.01187124857
18.5228940336385	-341.011871248569
18.6483306476324	-341.01187124857
18.7746167155023	-341.01187124857
18.9017579897303	-341.01187124857
19.0297602617543	-341.01187124857
19.1586293622316	-341.01187124857
19.2883711613046	-341.011871248569
19.4189915688683	-341.01187124857
19.5504965348392	-341.011871248569
19.6828920494266	-341.01187124857
19.8161841434052	-341.011871248569
19.9503788883903	-341.01187124857
20.0854823971136	-341.01187124857
20.2215008237026	-341.01187124857
20.3584403639599	-341.01187124857
20.4963072556462	-341.01187124857
20.6351077787642	-341.011871248569
20.7748482558445	-341.01187124857
20.9155350522338	-341.01187124857
21.0571745763848	-341.01187124857
21.1997732801481	-341.011871248569
21.343337659066	-341.011871248569
21.4878742526685	-341.011871248569
21.6333896447713	-341.011871248569
21.7798904637753	-341.011871248569
21.9273833829689	-341.011871248569
22.0758751208319	-341.011871248569
22.2253724413414	-341.011871248569
22.37588215428	-341.011871248569
22.5274111155462	-341.011871248569
22.6799662274662	-341.011871248569
22.8335544391088	-341.011871248569
22.9881827466015	-341.011871248568
23.1438581934496	-341.011871248568
23.300587870857	-341.011871248568
23.4583789180487	-341.011871248567
23.6172385225966	-341.011871248566
23.7771739207467	-341.011871248565
23.9381923977486	-341.011871248563
24.1003012881874	-341.011871248561
24.263507976318	-341.011871248557
24.4278198964013	-341.011871248553
24.5932445330425	-341.011871248548
24.7597894215328	-341.01187124854
24.927462148192	-341.011871248531
25.0962703507144	-341.011871248518
25.2662217185166	-341.011871248501
25.4373239930875	-341.011871248478
25.6095849683414	-341.011871248449
25.7830124909729	-341.011871248411
25.957614460814	-341.011871248361
26.1333988311944	-341.011871248295
26.3103736093033	-341.01187124821
26.4885468565547	-341.011871248099
26.6679266889541	-341.011871247954
26.8485212774685	-341.011871247768
27.0303388483986	-341.011871247526
27.2133876837531	-341.011871247215
27.3976761216265	-341.011871246813
27.5832125565788	-341.011871246297
27.7700054400175	-341.011871245635
27.958063280583	-341.011871244787
28.147394644536	-341.011871243703
28.3380081561476	-341.01187124232
28.5299124980925	-341.011871240558
28.723116411844	-341.011871238319
28.9176286980728	-341.011871235476
29.1134582170472	-341.011871231875
29.3106138890371	-341.011871227322
29.5091046947205	-341.011871221574
29.7089396755921	-341.01187121433
29.9101279343755	-341.011871205219
30.1126786354377	-341.011871193777
30.3166010052066	-341.011871179434
30.5219043325912	-341.011871161485
30.7285979694049	-341.01187113906
30.9366913307913	-341.011871111092
31.1461938956531	-341.011871076269
31.357115207084	-341.01187103298
31.5694648728032	-341.01187097926
31.7832525655932	-341.011870912702
31.9984880237404	-341.011870830373
32.2151810514786	-341.011870728701
32.4333415194358	-341.011870603343
32.6529793650835	-341.011870449028
32.8741045931894	-341.011870259369
33.0967272762736	-341.011870026637
33.3208575550668	-341.011869741498
33.5465056389727	-341.011869392693
33.7736818065327	-341.011868966666
34.0023964058943	-341.011868447119
34.2326598552824	-341.011867814488
34.4644826434738	-341.011867045324
34.6978753302753	-341.011866111569
34.9328485470044	-341.011864979693
35.1694129969733	-341.011863609695
35.4075794559771	-341.011861953923
35.6473587727844	-341.011859955694
35.8887618696312	-341.011857547686
36.1317997427188	-341.011854650054
36.3764834627144	-341.011851168244
36.6228241752555	-341.011846990444
36.8708331014577	-341.011841984623
37.1205215384256	-341.011835995104
37.3719008597678	-341.011828838588
37.6249825161146	-341.011820299557
37.8797780356393	-341.01181012497
38.1362990245844	-341.011798018148
38.394557167789	-341.011783631728
38.6545642292222	-341.011766559569
38.9163320525181	-341.011746327456
39.1798725615156	-341.011722382447
39.4451977608018	-341.011694080678
39.7123197362583	-341.011660673419
39.9812506556122	-341.011621291162
40.2520027689902	-341.01157492548
40.5245884094764	-341.011520408381
40.7990199936744	-341.011456388829
41.0753100222727	-341.011381306103
41.3534710806143	-341.011293359588
41.6335158392697	-341.011190474579
41.9154570546142	-341.011070263615
42.1993075694091	-341.010929982832
42.4850803133865	-341.010766482739
42.7727883038384	-341.010576152798
43.0624446462096	-341.010354859097
43.3540625346948	-341.010097874351
43.6476552528391	-341.009799799395
43.9432361741437	-341.009454475245
44.240818762675	-341.009054884712
44.5404165736775	-341.008593042495
44.8420432541918	-341.008059872537
45.1457125436754	-341.007445071348
45.4514382746297	-341.006736955898
45.7592343732291	-341.005922294531
46.069114859956	-341.004986119257
46.3810938502388	-341.003911517625
46.6951855550958	-341.002679402242
47.0114042817815	-341.001268255867
47.3297644344389	-340.999653849815
47.6502805147559	-340.997808933293
47.9729671226249	-340.995702891054
48.2978389568091	-340.993301366621
48.6249108156107	-340.990565848118
48.9541975975461	-340.987453213536
49.2857143020241	-340.983915232079
49.619476030029	-340.979898017992
49.9554979848088	-340.975341433071
50.2937954725673	-340.970178433793
50.6343839031616	-340.964334358801
50.9772787908043	-340.957726152195
51.3224957547697	-340.950261517857
51.6700505201053	-340.941837999761
52.0199589183485	-340.932341982961
52.3722368882474	-340.921647609678
52.7269004764869	-340.909615604646
53.0839658384198	-340.896092003585
53.4434492388026	-340.880906778408
53.8053670525362	-340.863872352488
54.169735765412	-340.84478199904
54.5365719748629	-340.82340811537
54.9058923907191	-340.799500365539
55.2777138359695	-340.772783683648
55.652053247528	-340.742956129744
56.0289276770045	-340.709686590084
56.4083542914824	-340.672612313244
56.7903503742999	-340.631336273357
57.1749333258379	-340.585424351508
57.562120664312	-340.534402326179
57.9519300265711	-340.47775266339
58.3443791688998	-340.414911097085
58.7394859678285	-340.345262990125
59.1372684209467	-340.26813946617
59.5377446477233	-340.182813302652
59.9409328903319	-340.088494574941
60.3468515144815	-339.984326041852
60.7555190102532	-339.869378262582
61.1669539929428	-339.742644435273
61.5811752039082	-339.603034947439
61.9982015114237	-339.44937162864
62.4180519115385	-339.280381695967
62.8407455289431	-339.094691383087
63.26630161784	-338.890819243901
63.6947395628204	-338.667169122129
64.1260788797478	-338.42202277855
64.5603392166464	-338.153532168001
64.9975403545965	-337.859711358737
65.4377022086356	-337.538428087254
65.8808448286651	-337.18739494228
66.3269884003641	-336.804160172276
66.7761532461085	-336.386098111467
67.2283598258968	-335.930399220212
67.6836287382824	-335.434059736319
68.1419807213113	-334.893870934789
68.6034366534675	-334.30640799441
69.0680175546233	-333.668018470632
69.535744586997	-332.974810375176
70.0066390561173	-332.222639863963
70.4807224117931	-331.407098536111
70.9580162490913	-330.523500347949
71.4385423093197	-329.566868147291
71.9223224810183	-328.531919834505
72.4093788009549	-327.413054158299
72.8997334551305	-326.204336155544
73.3934087797891	-324.899482245897
73.890427262435	-323.491844993473
74.3908115428578	-321.974397549344
74.8945844141624	-320.33971779017
75.401768823809	-318.579972169818
75.9123878746569	-316.686899302468
76.4264648260177	-314.651793297221
76.9440230947146	-312.465486865897
77.4650862561485	-310.118334227269
77.9896780453729	-307.600193832602
78.5178223581743	-304.90041093896
79.049543252161	-302.007800058279
79.5848649478591	-298.910627311815
80.1238118298148	-295.596592721017
80.6664084477065	-292.052812467417
81.2126795174626	-288.265801155534
81.7626499223866	-284.221454114174
82.3163447142918	-279.905029772834
82.8737891146415	-275.301132151188
83.4350085156978	-270.393693500805
84.0000284816793	-265.165957139351
84.5688747499246	-259.600460518583
85.1415732320648	-253.679018568316
85.7181500152044	-247.382707359436
86.2986313631086	-240.691848129695
86.8830437174006	-233.585991716667
87.4714136987656	-226.043903442755
88.0637681081636	-218.043548497466
88.6601339280498	-209.562077862448
89.2605383236044	-200.575814824878
89.8650086439688	-191.060242124798
90.4735724234929	-180.989989781745
91.0862573829884	-170.338823645828
91.7030914309916	-159.079634717853
92.324102665035	-147.184429282529
92.9493193729263	-134.624319898028
93.5787700340384	-121.369517284233
94.2124833206053	-107.389323151007
94.8504880990291	-92.6521240065056
95.4928134311943	-77.1253859842599
96.1394885757917	-60.7756507262131
96.7905429896515	-43.5685323571394
97.4460063290847	-25.4687155842039
98.1059084512345	-6.43995495330016
98.7702794154358	13.5549247082433
99.4391494845842	34.5540266352189
100.112549126516	56.596379229513
100.790509015393	79.7219319039474
101.473060033104	103.971549645303
102.160233270668	129.387006279452
102.852060029653	156.010976424467
103.548571823598	183.887026120463
104.249800379453	213.059602128174
104.955777639021	243.574019891131
105.666535760416	275.476450159818
106.382107119524	308.813904279345
107.10252431148	343.634218145478
107.827820152154	379.986034837523
108.558027679642	417.918785939633
109.293180155776	457.482671565933
110.033311067634	498.728639108154
110.77845412907	541.708360728033
111.528643282244	586.474209620186
112.283912699175	633.079235074806
113.044296783293	681.577136372685
113.809830171006	732.022235548825
114.580547733281	784.469449064045
115.356484577228	838.974258427323
116.137676047705	895.592679815115
116.92415772892	954.381232736537
117.71596544606	1015.39690779692
118.513135266919	1078.69713361486
119.31570350354	1144.33974295075
120.123706713871	1212.38293810795
120.937181703428	1282.88525566948
121.756165526976	1355.90553063654
122.580695490213	1431.50286003684
123.410809151469	1509.73656607298
124.246544323419	1590.66615888347
125.087939074805	1674.35129899012
125.935031732169	1760.85175950776
126.787860881599	1850.22738819356
127.64646537049	1942.53806941406
128.510884309307	2037.84368610967
129.381157073371	2136.20408183692
130.257323304654	2237.67902296934
131.13942291358	2342.32816113845
132.027496080847	2450.21099599657
132.921583259255	2561.38683838287
133.821725175549	2675.91477397469
134.727962832276	2793.85362750435
135.64033750965	2915.2619276227
136.558890767436	3040.19787248842
137.483664446836	3168.71929616208
138.414700672405	3300.88363588162
139.352041853962	3436.74790029611
140.295730688523	3576.36863873073
141.24581016225	3719.80191155635
142.202323552404	3867.10326173324
143.165314429321	4018.32768759721
144.134826658391	4173.52961695411
145.110904402063	4332.76288254493
146.093592121852	4496.08069894236
147.082934580363	4663.53564093599
148.078976843335	4835.17962345994
149.08176428169	5011.06388311481
150.091342573601	5191.2389613307
151.107757706574	5375.75468921587
152.131055979539	5564.6601741317
153.161284004962	5758.00378803032
154.198488710969	5955.8331575888
155.242717343479	6158.19515616808
156.294017468364	6365.13589762233
157.352436973606	6576.70073197998
158.418024071488	6792.93424301314
159.490827300781	7013.88024770816
160.570895528962	7239.58179764716
161.658277954438	7470.08118230344
162.753024108785	7705.41993425227
163.855183859006	7945.63883629304
164.964807409802	8190.77793047394
166.08194530586	8440.87652900833
167.206648434155	8695.97322706489
168.338968026264	8956.105917412
169.478955660707	9221.3118068918
170.626663265292	9491.62743469473
171.782143119477	9767.08869240271
172.945447856761	10047.7308457648
174.116630467071	10333.5885581647
175.295744299184	10624.6959157366
176.482843063152	10921.0864540823
177.67798083275	11222.7931865389
178.881212047941	11529.8486339435
180.092591517352	11842.2848558364
181.312174420774	12160.133483044
182.540016311676	12483.425751578
183.776173119729	12812.1925377842
185.020701153364	13146.4643946735
186.273657102327	13486.2715893641
187.535098040269	13831.6441415603
188.80508142734	14182.6118629948
190.08366511281	14539.2043977554
191.370907337702	14901.4512634185
192.666866737448	15269.3818929076
193.971602344556	15643.0256769955
195.2851735913	16022.4120073672
196.607640312431	16407.5703201579
197.939062747896	16798.530139883
199.279501545589	17195.3211236721
200.629017764106	17597.9731057224
201.987672875535	18006.5161418834
203.35552876825	18420.9805542873
204.732647749728	18841.3969759364
206.119092549396	19267.7963951643
207.514926321481	19700.2101998806
208.920212647889	20138.6702215161
210.3350155411	20583.2087785829
211.759399447089	21033.858719765
213.193429248253	21490.6534664564
214.637170266373	21953.6270546656
216.090688265589	22422.8141762046
217.554049455391	22898.2502190853
219.027320493643	23379.9713070434
220.510568489609	23868.0143381167
222.00386100702	24362.4170222031
223.507266067143	24863.2179175263
225.020852151887	25370.4564659397
226.544688206918	25884.1730270022
228.078843644799	26404.4089107596
229.623388348153	26931.206409171
231.17839267285	27464.6088261187
232.743927451205	28004.6605059447
234.32006399521	28551.4068604605
235.906874099777	29104.8943943767
237.504430046015	29665.1707291058
239.112804604517	30232.2846248906
240.732071038678	30806.2860012158
242.362303108029	31387.2259554632
244.003575071603	31975.1567797738
245.655961691308	32570.1319760828
247.319538235342	33172.2062692982
248.994380481616	33781.4356185932
250.680564721207	34397.8772267907
252.378167761834	35021.5895478177
254.087266931356	35652.6322922118
255.807940081295	36291.0664306661
257.540265590381	36936.9541955994
259.284322368123	37590.3590807452
261.040189858403	38251.3458387522
262.807948043097	38919.9804767971
264.587677445714	39596.3302502063
266.379459135068	40280.4636540969
268.183374728968	40972.4504130366
269.999506397938	41672.361468738
271.82793686896	42380.2689657975
273.668749429237	43096.2462354947
275.522027929995	43820.3677776721
277.387856790297	44552.7092407138
279.266321000891	45293.3473996485
281.15750612808	46042.3601324031
283.061498317618	46799.8263942336
284.978384298639	47565.8261903693
286.908251387603	48340.4405468967
288.851187492276	49123.7514799249
290.807281115733	49915.8419630676
292.776621360389	50716.7958932804
294.759297932059	51526.6980550999
296.755401144046	52345.6340833222
298.765021921249	53173.6904241711
300.78825180431	54010.9542950011
302.825182953782	54857.5136425838
304.875908154328	55713.457100029
306.940520818945	56578.8739423924
309.019114993222	57453.8540410213
311.111785359622	58338.4878166931
313.218627241795	59232.8661916036
315.339736608922	60137.0805402577
317.475210080083	61051.2226393253
319.625144928663	61975.3846165134
321.789639086777	62909.6588985192
323.968791149736	63854.1381581202
326.162700380537	64808.9152604624
328.371466714381	65774.0832086048
330.595190763229	66749.7350883863
332.833973820386	67735.9640126679
335.087917865111	68732.8630650173
337.357125567263	69740.5252428959
339.641700291982	70759.0434004051
341.941746104391	71788.5101906604
344.257367774343	72829.0180078464
346.588670781187	73880.6589290178
348.93576131858	74943.5246557052
351.298746299313	76017.7064553843
353.677733360194	77103.2951028714
356.072830866944	78200.3808216988
358.484147919132	79309.0532255314
360.91179435515	80429.4012596818
363.355880757209	81561.5131427775
365.816518456382	82705.4763086413
368.293819537676	83861.3773484338
370.787896845132	85029.3019531156
373.298863986969	86209.3348562805
375.826835340759	87401.5597774138
378.371926058634	88606.0593656212
380.934252072538	89822.9151438862
383.513930099498	91052.2074538961
386.111077646951	92294.0154014883
388.725813018089	93548.4168027633
391.358255317251	94815.4881309045
394.008524455347	96095.304463756
396.676741155322	97387.9394321919
399.363026957655	98693.4651693228
402.067504225892	100011.952260578
404.790296152225	101343.4696947
407.531526763097	102688.084815688
410.291320924857	104045.863275725
413.069804349448	105416.868989126
415.867103600129	106801.164087331
418.683346097244	108198.80887498
421.518660124021	109609.861787095
424.373174832425	111034.379347402
427.24702024903	112472.416127813
430.140327280951	113924.02470909
433.0532277218	115389.255642729
435.985854257692	116868.157414058
438.938340473293	118360.776406609
441.910820857897	119867.156867732
444.903430811559	121387.340875518
447.916306651261	122921.368307009
450.949585617117	124469.276807727
454.00340587863	126031.101762534
457.077906540984	127606.876267826
460.17322765138	129196.631105079
463.289510205414	130800.394715748
466.426896153504	132418.193177535
469.585528407349	134050.050182018
472.765550846446	135695.987013661
475.967108324638	137356.022530199
479.190346676718	139030.173144396
482.435412725067	140718.452807182
485.702454286343	142420.872992177
488.991620178216	144137.442681573
492.303060226147	145868.168353404
495.63692527021	147613.053970176
498.993367171965	149372.100968854
502.372538821375	151145.308252218
505.77459414377	152932.67218155
509.199688106859	154734.186570671
512.64797672779	156549.842681307
516.119617080253	158379.629219765
519.614767301641	160223.532334923
523.133586600246	162081.53561751
526.676235262516	163953.62010067
530.242874660357	165839.764261791
533.833667258481	167739.944025582
537.448776621806	169654.132768388
541.088367422909	171582.301323727
544.752605449525	173524.417989023
548.441657612102	175480.448533525
552.155691951398	177450.356207391
555.894877646145	179434.101751918
559.659385020742	181431.643410894
563.449385553027	183442.936943063
567.265051882078	185467.935635663
571.106557816084	187506.590319045
574.974078340258	189558.84938231
578.867789624808	191624.658789987
582.787869032963	193703.962099691
586.734495129052	195796.70048077
590.707847686637	197902.812733882
594.708107696703	200022.235311522
598.735457375904	202154.902339431
602.790080174856	204300.745638895
606.872160786501	206459.694749894
610.981885154518	208631.676955085
615.119440481793	210816.617304581
619.285015238943	213014.43864152
623.478799172906	215225.06162838
627.700983315581	217448.404774026
631.951759992529	219684.384461473
636.231322831739	221932.914976307
640.539866772441	224193.908535779
644.877588073992	226467.275318519
649.244684324809	228752.923494855
653.641354451377	231050.759257714
658.067798727304	233360.686854073
662.524218782447	235682.60861694
667.010817612099	238016.424997839
671.527799586225	240362.034599772
676.075370458786	242719.334210642
680.6537373771	245088.218837098
685.263108891284	247468.58173879
689.903694963753	249860.314463008
694.575706978776	252263.306879668
699.279357752119	254677.44721665
704.014861540728	257102.62209543
708.782434052491	259538.716567011
713.582292456069	261985.614148111
718.414655390781	264443.196857599
723.279742976565	266911.345253146
728.17777682401	269389.938468077
733.108980044444	271878.854248401
738.073577260102	274377.968989988
743.071794614356	276887.157775889
748.103859782011	279406.294413758
753.170001979685	281935.25147338
758.270451976244	284473.900324258
763.405442103318	287022.111173263
768.575206265877	289579.753102306
773.779979952896	292146.694106041
779.020000248069	294722.801129544
784.295505840619	297307.940105984
789.606737036169	299901.975994251
794.953935767682	302504.77281652
800.33734560649	305116.193695746
805.757211773379	307736.100893067
811.213781149768	310364.355845095
816.707302288952	313000.819201093
822.238025427421	315645.350859999
827.806202496264	318297.810007308
833.412087132636	320958.05515178
839.055934691322	323625.944161964
844.738002256362	326301.334302528
850.458548652763	328984.08227038
856.217834458291	331674.044230559
862.016122015335	334371.075851895
867.853675442862	337075.03234242
873.730760648449	339785.768484522
879.647645340391	342503.138669819
885.604599039898	345226.996933763
891.601893093371	347957.196989935
897.639800684762	350693.592264048
903.718596848019	353436.035927641
909.838558479614	356184.38093143
915.999964351157	358938.480038352
922.203095122091	361698.185856249
928.448233352477	364463.350870212
934.735663515868	367233.827474567
941.065672012266	370009.468004497
947.438547181167	372790.124767287
953.854579314695	375575.650073197
960.314060670826	378365.896265947
966.817285486698	381160.715752807
973.36454999202	383959.961034295
979.956152422558	386763.484733471
986.592393033728	389571.139624821
993.273574114267	392382.778662726
1000	395198.255009521