0.1	-340.75
5.104904904904904	-340.75
10.109809809809809	-340.75
15.114714714714713	-340.75
20.11961961961962	-340.75
25.124524524524524	-340.7499999997654
30.12942942942943	-340.7499998140269
35.13433433433433	-340.74997949991393
40.13923923923924	-340.7493367022437
45.14414414414414	-340.7404720042701
50.14904904904905	-340.6721822295856
55.15395395395395	-340.32727405035365
60.158858858858856	-339.0549735517211
65.16376376376375	-335.35960240937516
70.16866866866866	-326.4420477511637
75.17357357357356	-307.8461062807246
80.17847847847847	-273.33929484291957
85.18338338338337	-215.07925835513163
90.18828828828828	-124.03104031160188
95.19319319319318	9.456520641010911
100.19809809809809	195.02451223760693
105.20300300300299	441.7232402971956
110.2079079079079	757.5424289045739
115.2128128128128	1149.0845150569457
120.2177177177177	1621.3853011600202
125.22262262262261	2177.866922385347
130.2275275275275	2820.3974350026524
135.23243243243243	3549.4276619753127
140.23733733733732	4364.177051273525
145.2422422422422	5262.84418516163
150.24714714714713	6242.8226569647095
155.25205205205205	7300.908243431598
160.25695695695694	8433.488019780229
165.26186186186183	9636.705990709688
170.26676676676675	10906.60286176391
175.27167167167167	12239.229798892417
180.27657657657656	13630.737533260464
185.28148148148145	15077.443100476383
190.28638638638637	16575.876994084254
195.2912912912913	18122.813683252298
200.29619619619618	19715.288394563526
205.30110110110107	21350.602867037484
210.306006006006	23026.322517899844
215.3109109109109	24740.267147541475
220.3158158158158	26490.49699555525
225.3207207207207	28275.29565531327
230.3256256256256	30093.151074095647
235.33053053053052	31942.735615551537
240.33543543543541	33822.885943620335
245.3403403403403	35732.58330173901
250.34524524524522	37670.93460637048
255.35015015015014	39637.15464685104
260.35505505505506	41630.549581086074
265.35995995995995	43650.5018354354
270.3648648648649	45696.45645404144
275.3697697697698	47767.90889491125
280.3746746746747	49864.394234621315
285.37957957957957	51985.477718228554
290.38448448448446	54130.74657384139
295.3893893893894	56299.80300061483
300.3942942942943	58492.2582332563
305.3991991991992	60707.72758428004
310.40410410410414	62945.826366258254
315.409009009009	65206.16659940485
320.4139139139139	67488.35441436847
325.4188188188188	69791.98806560728
330.4237237237237	72116.65647679087
335.42862862862864	74461.93824601952
340.43353353353353	76827.40104505744
345.4384384384384	79212.6013530663
350.4433433433434	81617.08447139592
355.44824824824826	84040.38477174527
360.45315315315315	86482.02613541171
365.45805805805804	88941.52254635622
370.46296296296293	91418.37880542695
375.4678678678679	93912.09133729429
380.47277277277277	96422.14906547079
385.47767767767766	98948.03433423513
390.4825825825826	101489.22385936565
395.4874874874875	104045.18969234679
400.4923923923924	106615.40018515692
405.4972972972973	109199.32094490764
410.50220220220217	111796.41576950847
415.5071071071071	114406.14755719391
420.512012012012	117027.97918420438
425.5169169169169	119661.3743461722
430.52182182182185	122305.79835985051
435.52672672672674	124960.71892276
440.5316316316316	127625.6068291256
445.5365365365365	130299.9366411529
450.5414414414414	132983.18731526705
455.54634634634635	135674.84278341266
460.55125125125124	138374.39248991085
465.55615615615613	141081.33188469434
470.5610610610611	143795.16287400114
475.565965965966	146515.39422981918
480.57087087087086	149241.54195953417
485.57577577577575	151973.12963735397
490.58068068068064	154709.68869917307
495.5855855855856	157450.75870259682
500.5904904904905	160195.88755388104
505.59539539539537	162944.6317035532
510.6003003003003	165696.5563124819
515.6052052052052	168451.2353901366
520.6101101101101	171208.25190675675
525.615015015015	173967.1978811039
530.6199199199199	176727.6744454274
535.6248248248248	179489.29188922062
540.6297297297298	182251.66968328503
545.6346346346346	185014.43648556364
550.6395395395396	187777.23013013924
555.6444444444444	190539.69760072976
560.6493493493493	193301.49498995123
565.6542542542543	196062.28744555087
570.6591591591591	198821.74910475282
575.6640640640641	201579.56301779396
580.6689689689689	204335.42106166758
585.6738738738738	207089.02384503276
590.6787787787788	209840.08060518804
595.6836836836836	212588.30909795547
600.6885885885886	215333.4354812642
605.6934934934935	218075.19419317218
610.6983983983984	220813.32782501716
615.7033033033033	223547.58699033764
620.7082082082082	226277.73019016304
625.7131131131131	229003.52367522698
630.718018018018	231724.74130562006
635.7229229229229	234441.16440835627
640.7278278278278	237152.5816332957
645.7327327327328	239858.78880782804
650.7376376376376	242559.58879069143
655.7425425425425	245254.7913252716
660.7474474474474	247944.21289269297
665.7523523523523	250627.67656499558
670.7572572572573	253305.0118586557
675.7621621621621	255976.05458869506
680.767067067067	258640.64672359335
685.771971971972	261298.63624120294
690.7768768768768	263949.8769858445
695.7817817817818	266594.22852674464
700.7866866866867	269231.55601795646
705.7915915915916	271861.73005989677
710.7964964964965	274484.62656260974
715.8014014014013	277100.1266108595
720.8063063063063	279708.116331141
725.8112112112112	282308.4867606849
730.8161161161161	284901.13371852355
735.821021021021	287485.9576786753
740.8259259259258	290062.86364549363
745.8308308308308	292631.7610312222
750.8357357357357	295192.56353578484
755.8406406406406	297745.1890288387
760.8455455455455	300289.55943410675
765.8504504504505	302825.6006160004
770.8553553553553	305353.2422685431
775.8602602602602	307872.4178065937
780.8651651651652	310383.06425936864
785.87007007007	312885.12216625444
790.874974974975	315378.5354749039
795.8798798798798	317863.2514415975
800.8847847847848	320339.2205338583
805.8896896896897	322806.3963352958
810.8945945945945	325264.7354526617
815.8994994994995	327714.1974250903
820.9044044044043	330154.74463549844
825.9093093093093	332586.3422241183
830.9142142142142	335008.95800413244
835.919119119119	337422.5623793811
840.924024024024	339827.12826411094
845.9289289289289	342222.63100473117
850.9338338338338	344609.04830354475
855.9387387387387	346986.36014442105
860.9436436436437	349354.5487203727
865.9485485485485	351713.59836300474
870.9534534534534	354063.4954737997
875.9583583583583	356404.228457201
880.9632632632632	358735.7876554618
885.9681681681682	361058.16528522165
890.973073073073	363371.3553757757
895.977977977978	365675.35370899993
900.9828828828828	367970.15776089847
905.9877877877877	370255.76664473565
910.9926926926927	372532.181055719
915.9975975975975	374799.4032171975
921.0025025025025	377057.43682834145
926.0074074074074	379306.2870132675
931.0123123123122	381545.9602715789
936.0172172172172	383776.4644302838
941.0221221221221	385997.80859706004
946.027027027027	388210.0031148358
951.0319319319319	390413.0595176505
956.0368368368368	392606.99048776756
961.0417417417417	394791.8098140068
966.0466466466466	396967.5323512666
971.0515515515515	399134.17398120416
976.0564564564564	401291.75157404743
981.0613613613613	403440.28295150807
986.0662662662662	405579.7868507667
991.0711711711712	407710.282889505
996.076076076076	409831.7915319543
1001.0809809809809	411944.3340559381
1006.0858858858859	414047.932520879
1011.0907907907907	416142.6097367459
1016.0956956956957	418228.3892339171
1021.1006006006006	420305.2952339353
1026.1055055055053	422373.3526211276
1031.1104104104102	424432.586915073
1036.1153153153152	426483.0242438872
1041.12022022022	428524.69131831045
1046.125125125125	430557.61540656973
1051.13003003003	432581.82430999953
1056.1349349349348	434597.3463393973
1061.1398398398396	436604.2102920942
1066.1447447447447	438602.4454297225
1071.1496496496495	440592.08145665895
1076.1545545545544	442573.1484991268
1081.1594594594594	444545.67708493746
1086.1643643643642	446509.69812385394
1091.169269269269	448465.2428885588
1096.174174174174	450412.3429962113
1101.179079079079	452351.0303905737
1106.1839839839838	454281.3373246952
1111.1888888888886	456203.2963441341
1116.1937937937937	458116.94027070515
1121.1986986986985	460022.3021867368
1126.2036036036034	461919.4154198235
1131.2085085085084	463808.3135280596
1136.2134134134133	465689.03028574056
1141.218318318318	467561.5996695189
1146.2232232232232	469426.05584500247
1151.228128128128	471282.43315377826
1156.2330330330328	473130.7661008583
1161.2379379379377	474971.0893425246
1166.2428428428427	476803.4376745714
1171.2477477477476	478627.8460209265
1176.2526526526524	480444.34942264535
1181.2575575575574	482252.983027264
1186.2624624624623	484053.7820785026
1191.2673673673671	485846.78190630797
1196.2722722722722	487632.01791722706
1201.277177177177	489409.5255850987
1206.2820820820818	491179.34044205956
1211.286986986987	492941.4980698487
1216.2918918918917	494696.03409140755
1221.2967967967966	496442.9841627639
1226.3017017017016	498182.38396519265
1231.3066066066065	499914.2691976435
1236.3115115115113	501638.6755694312
1241.3164164164164	503355.6387931776
1246.3213213213212	505065.19457799813
1251.326226226226	506767.3786229288
1256.3311311311309	508462.2266105825
1261.336036036036	510149.77420103067
1266.3409409409408	511830.0570259027
1271.3458458458456	513503.1106826964
1276.3507507507506	515168.9707292943
1281.3556556556555	516827.67267867824
1286.3605605605603	518479.25199383777
1291.3654654654654	520123.7440828659
1296.3703703703702	521761.18429423665
1301.375275275275	523391.607912259
1306.38018018018	525015.0501527025
1311.385085085085	526631.5461585884
1316.3899899899898	528241.1309961429
1321.3948948948946	529843.8396509056
1326.3997997997997	531439.7070239906
1331.4047047047045	533028.767928494
1336.4096096096093	534611.0570860449
1341.4145145145144	536186.609123494
1346.4194194194192	537755.4585697367
1351.424324324324	539317.6398526668
1356.4292292292291	540873.1872962562
1361.434134134134	542422.1351177564
1366.4390390390388	543964.5174250201
1371.4439439439439	545500.3682139363
1376.4488488488487	547029.7213659782
1381.4537537537535	548552.6106458583
1386.4586586586586	550069.0696992906
1391.4635635635634	551579.1320508497
1396.4684684684682	553082.831101935
1401.4733733733733	554580.2001288249
1406.4782782782781	556071.272280826
1411.483183183183	557556.0805785117
1416.4880880880878	559034.6579120483
1421.4929929929929	560507.0370396035
1426.4978978978977	561973.2505858388
1431.5028028028025	563433.3310404799
1436.5077077077076	564887.3107569625
1441.5126126126124	566335.2219511551
1446.5175175175173	567777.0967001505
1451.5224224224223	569212.9669411302
1456.5273273273272	570642.8644702929
1461.532232232232	572066.8209418507
1466.537137137137	573484.8678670871
1471.5420420420419	574897.0366134776
1476.5469469469467	576303.3584038672
1481.5518518518516	577703.8643157083
1486.5567567567566	579098.5852803512
1491.5616616616614	580487.55208239
1496.5665665665663	581870.7953590595
1501.5714714714713	583248.3455996837
1506.5763763763762	584620.2331451715
1511.581281281281	585986.4881875594
1516.586186186186	587347.1407696018
1521.591091091091	588702.2207844019
1526.5959959959957	590051.7579750882
1531.6009009009008	591395.7819345302
1536.6058058058056	592734.322105095
1541.6107107107105	594067.4077784409
1546.6156156156155	595395.0680953503
1551.6205205205204	596717.3320455954
1556.6254254254252	598034.2284678422
1561.6303303303303	599345.7860495839
1566.635235235235	600652.0333271105
1571.64014014014	601952.9986855059
1576.6450450450448	603248.7103586791
1581.6499499499498	604539.1964294197
1586.6548548548546	605824.484829486
1591.6597597597595	607104.6033397169
1596.6646646646645	608379.5795901716
1601.6695695695694	609649.4410602932
1606.6744744744742	610914.2150790979
1611.6793793793793	612173.9288253856
1616.684284284284	613428.6093279758
1621.689189189189	614678.2834659615
1626.694094094094	615922.9779689878
1631.6989989989988	617162.7194175469
1636.7039039039037	618397.534243296
1641.7088088088085	619627.4487293903
1646.7137137137136	620852.4890108363
1651.7186186186184	622072.6810748616
1656.7235235235232	623288.0507613004
1661.7284284284283	624498.6237629963
1666.7333333333331	625704.4256262186
1671.738238238238	626905.4817510945
1676.743143143143	628101.8173920551
1681.7480480480478	629293.4576582942
1686.7529529529527	630480.4275142406
1691.7578578578577	631662.751780042
1696.7627627627626	632840.4551320616
1701.7676676676674	634013.5621033856
1706.7725725725725	635182.0970843408
1711.7774774774773	636346.0843230237
1716.7823823823821	637505.5479258386
1721.7872872872872	638660.511858045
1726.792192192192	639810.9999443153
1731.7970970970969	640957.0358692985
1736.8020020020017	642098.6431781946
1741.8069069069068	643235.8452773353
1746.8118118118116	644368.6654347718
1751.8167167167164	645497.1267808713
1756.8216216216215	646621.2523089176
1761.8265265265263	647741.06487572
1766.8314314314312	648856.5872022264
1771.8363363363362	649967.841874144
1776.841241241241	651074.8513425634
1781.8461461461459	652177.6379245883
1786.851051051051	653276.2238039698
1791.8559559559558	654370.6310317453
1796.8608608608606	655460.8815268817
1801.8657657657654	656546.9970769209
1806.8706706706705	657628.9993386304
1811.8755755755753	658706.9098386564
1816.8804804804802	659780.7499741813
1821.8853853853852	660850.5410135805
1826.89029029029	661916.304097086
1831.895195195195	662978.0602374496
1836.9001001001	664035.8303206095
1841.9050050050048	665089.6351063575
1846.9099099099096	666139.4952290091
1851.9148148148147	667185.4311980748
1856.9197197197195	668227.4633989321
1861.9246246246244	669265.6120934996
1866.9295295295294	670299.8974209111
1871.9344344344343	671330.3393981915
1876.939339339339	672356.9579209315
1881.9442442442441	673379.7727639659
1886.949149149149	674398.8035820478
1891.9540540540538	675414.0699105273
1896.9589589589586	676425.5911660279
1901.9638638638637	677433.3866471224
1906.9687687687685	678437.47553501
1911.9736736736734	679437.8768941916
1916.9785785785784	680434.6096731458
1921.9834834834833	681427.6927050035
1926.988388388388	682417.1447082218
1931.9932932932932	683402.9842872573
1936.998198198198	684385.2299332375
1942.0031031031028	685363.9000246334
1947.008008008008	686339.0128279269
1952.0129129129127	687310.586498282
1957.0178178178176	688278.6390802101
1962.0227227227224	689243.1885082361
1967.0276276276275	690204.2526075634
1972.0325325325323	691161.8490947348
1977.0374374374371	692115.9955782946
1982.0423423423422	693066.7095594467
1987.047247247247	694014.0084327124
1992.0521521521518	694957.9094865847
1997.057057057057	695898.429904182
2002.0619619619617	696835.5867638991
2007.0668668668666	697769.3970400556
2012.0717717717716	698699.8776035431
2017.0766766766765	699627.0452224695
2022.0815815815813	700550.9165628011
2027.0864864864864	701471.508189002
2032.0913913913912	702388.8365646722
2037.096296296296	703302.9180531817
2042.101201201201	704213.7689183034
2047.106106106106	705121.4053248427
2052.1110110110108	706025.8433392644
2057.1159159159156	706927.0989303177
2062.1208208208204	707825.1879696589
2067.1257257257257	708720.1262324683
2072.1306306306305	709611.9293980689
2077.1355355355354	710500.6130505392
2082.14044044044	711386.1926793241
2087.145345345345	712268.6836798429
2092.15025025025	713148.1013540947
2097.1551551551547	714024.4609112607
2102.16006006006	714897.777468303
2107.164964964965	715768.066050562
2112.1698698698697	716635.3415923495
2117.1747747747745	717499.6189375386
2122.1796796796793	718360.9128401524
2127.184584584584	719219.2379649479
2132.1894894894895	720074.6088879969
2137.1943943943943	720927.0400972655
2142.199299299299	721776.5459931891
2147.204204204204	722623.1408892444
2152.209109109109	723466.8390125192
2157.2140140140136	724307.6545042783
2162.218918918919	725145.6014205259
2167.2238238238237	725980.6937325669
2172.2287287287286	726812.9453275623
2177.2336336336334	727642.3700090842
2182.2385385385383	728468.9814976653
2187.243443443443	729292.7934313465
2192.248348348348	730113.8193662219
2197.253253253253	730932.0727769794
2202.258158158158	731747.5670574385
2207.263063063063	732560.3155210856
2212.2679679679677	733370.3314016053
2217.2728728728725	734177.6278534095
2222.2777777777774	734982.2179521621
2227.2826826826827	735784.1146953021
2232.2875875875875	736583.3310025616
2237.2924924924923	737379.8797164827
2242.297397397397	738173.77360293
2247.302302302302	738965.0253516005
2252.307207207207	739753.6475765295
2257.3121121121117	740539.6528165946
2262.317017017017	741323.0535360163
2267.321921921922	742103.8621248539
2272.3268268268266	742882.090899501
2277.3317317317315	743657.7521031757
2282.3366366366363	744430.8579064086
2287.341541541541	745201.4204075275
2292.3464464464464	745969.451633139
2297.3513513513512	746734.9635386076
2302.356256256256	747497.9680085303
2307.361161161161	748258.4768572103
2312.3660660660657	749016.5018291252
2317.3709709709706	749772.054599394
2322.3758758758754	750525.1467742408
2327.3807807807807	751275.7898914542
2332.3856856856855	752023.9954208449
2337.3905905905904	752769.7747647008
2342.395495495495	753513.1392582374
2347.4004004004	754254.1001700464
2352.405305305305	754992.6687025412
2357.41021021021	755728.8559923993
2362.415115115115	756462.6731110017
2367.42002002002	757194.1310648689
2372.4249249249247	757923.240796096
2377.4298298298295	758650.013182782
2382.4347347347343	759374.459039458
2387.4396396396396	760096.5891175122
2392.4445445445444	760816.4141056126
2397.4494494494493	761533.9446301245
2402.454354354354	762249.1912555292
2407.459259259259	762962.1644848357
2412.464164164164	763672.8747599919
2417.4690690690686	764381.3324622932
2422.473973973974	765087.5479127867
2427.4788788788787	765791.5313726743
2432.4837837837836	766493.2930437113
2437.4886886886884	767192.8430686052
2442.4935935935932	767890.1915314074
2447.498498498498	768585.3484579066
2452.5034034034034	769278.3238160162
2457.508308308308	769969.1275161611
2462.513213213213	770657.7694116606
2467.518118118118	771344.2592991097
2472.5230230230227	772028.6069187564
2477.5279279279275	772710.8219548773
2482.532832832833	773390.9140361515
2487.5377377377376	774068.8927360284
2492.5426426426425	774744.7675730984
2497.5475475475473	775418.5480114549
2502.552452452452	776090.2434610596
2507.557357357357	776759.8632781002
2512.562262262262	777427.4167653493
2517.567167167167	778092.913172519
2522.572072072072	778756.361696612
2527.5769769769768	779417.7714822742
2532.5818818818816	780077.1516221398
2537.5867867867864	780734.5111571777
2542.5916916916913	781389.8590770332
2547.5965965965966	782043.2043203696
2552.6015015015014	782694.5557752039
2557.606406406406	783343.922279244
2562.611311311311	783991.3126202212
2567.616216216216	784636.7355362206
2572.6211211211207	785280.1997160094
2577.6260260260256	785921.7137993639
2582.630930930931	786561.2863773913
2587.6358358358357	787198.9259928529
2592.6407407407405	787834.6411404824
2597.6456456456453	788468.4402673026
2602.65055055055	789100.3317729406
2607.655455455455	789730.3240099393
2612.6603603603603	790358.4252840686
2617.665265265265	790984.643854632
2622.67017017017	791608.9879347736
2627.675075075075	792231.4656917804
2632.6799799799796	792852.0852473853
2637.6848848848845	793470.8546780646
2642.6897897897893	794087.782015336
2647.6946946946946	794702.8752460534
2652.6995995995994	795316.1423126999
2657.7045045045043	795927.5911136783
2662.709409409409	796537.2295036002
2667.714314314314	797145.0652935718
2672.7192192192188	797751.1062514794
2677.724124124124	798355.3601022715
2682.729029029029	798957.8345282393
2687.7339339339337	799558.5371692951
2692.7388388388385	800157.4756232492
2697.7437437437434	800754.6574460845
2702.748648648648	801350.0901522279
2707.7535535535535	801943.7812148225
2712.7584584584583	802535.7380659956
2717.763363363363	803125.9680971252
2722.768268268268	803714.4786591046
2727.773173173173	804301.2770626066
2732.7780780780777	804886.3705783435
2737.7829829829825	805469.7664373264
2742.787887887888	806051.4718311226
2747.7927927927926	806631.4939121113
2752.7976976976975	807209.8397937374
2757.8026026026023	807786.5165507623
2762.807507507507	808361.5312195155
2767.812412412412	808934.8907981415
2772.8173173173172	809506.602246847
2777.822222222222	810076.6724881454
2782.827127127127	810645.1084070996
2787.8320320320317	811211.9168515634
2792.8369369369366	811777.104632421
2797.8418418418414	812340.6785238243
2802.8467467467467	812902.6452634301
2807.8516516516515	813463.0115526323
2812.8565565565564	814021.7840567975
2817.861461461461	814578.9694054936
2822.866366366366	815134.5741927201
2827.871271271271	815688.6049771364
2832.8761761761757	816241.0682822863
2837.881081081081	816791.9705968242
2842.885985985986	817341.3183747369
2847.8908908908907	817889.1180355657
2852.8957957957955	818435.3759646248
2857.9007007007003	818980.0985132207
2862.905605605605	819523.2919988686
2867.9105105105104	820064.9627055065
2872.9154154154153	820605.1168837098
2877.92032032032	821143.7607509025
2882.925225225225	821680.9004915679
2887.93013013013	822216.5422574581
2892.9350350350346	822750.6921678004
2897.9399399399394	823283.3563095037
2902.9448448448447	823814.5407373636
2907.9497497497496	824344.2514742647
2912.9546546546544	824872.4945113822
2917.9595595595592	825399.2758083831
2922.964464464464	825924.6012936234
2927.969369369369	826448.4768643465
2932.974274274274	826970.9083868794
2937.979179179179	827491.9016968255
2942.984084084084	828011.4625992597
2947.9889889889887	828529.5968689196
2952.9938938938935	829046.310250395
2957.9987987987984	829561.608458318
2963.003703703703	830075.4971775509
2968.0086086086085	830587.9820633711
2973.0135135135133	831099.068741658
2978.018418418418	831608.7628090752
2983.023323323323	832117.0698332542
2988.028228228228	832623.9953529746
2993.0331331331327	833129.544878345
2998.038038038038	833633.7238909804
3003.042942942943	834136.5378441799
3008.0478478478476	834637.9921631039
3013.0527527527524	835138.0922449477
3018.0576576576573	835636.843459115
3023.062562562562	836134.2511473914
3028.0674674674674	836630.3206241145
3033.0723723723722	837125.0571763444
3038.077277277277	837618.4660640327
3043.082182182182	838110.5525201891
3048.0870870870867	838601.3217510489
3053.0919919919916	839090.7789362374
3058.0968968968964	839578.9292289345
3063.1018018018017	840065.7777560372
3068.1067067067065	840551.3296183221
3073.1116116116114	841035.5898906047
3078.116516516516	841518.5636219
3083.121421421421	842000.255835581
3088.126326326326	842480.6715295347
3093.131231231231	842959.81567632
3098.136136136136	843437.6932233211
3103.141041041041	843914.3090929028
3108.1459459459456	844389.6681825623
3113.1508508508505	844863.7753650823
3118.1557557557553	845336.6354886806
3123.1606606606606	845808.2533771604
3128.1655655655654	846278.6338300589
3133.1704704704703	846747.7816227952
3138.175375375375	847215.7015068162
3143.18028028028	847682.398209743
3148.1851851851848	848147.8764355151
3153.1900900900896	848612.140864534
3158.194994994995	849075.1961538055
3163.1998998998997	849537.0469370818
3168.2048048048046	849997.6978250021
3173.2097097097094	850457.1534052317
3178.214614614614	850915.4182426006
3183.219519519519	851372.4968792427
3188.2244244244243	851828.39383473
3193.229329329329	852283.1136062111
3198.234234234234	852736.6606685437
3203.239139139139	853189.03947443
3208.2440440440437	853640.2544545495
3213.2489489489485	854090.3100176903
3218.2538538538533	854539.2105508815
3223.2587587587586	854986.9604195222
3228.2636636636635	855433.5639675118
3233.2685685685683	855879.0255173777
3238.273473473473	856323.3493704041
3243.278378378378	856766.5398067572
3248.283283283283	857208.6010856121
3253.288188188188	857649.5374452776
3258.293093093093	858089.3531033195
3263.2979979979978	858528.0522566853
3268.3029029029026	858965.6390818259
3273.3078078078074	859402.1177348163
3278.3127127127123	859837.4923514782
3283.317617617617	860271.7670474983
3288.3225225225224	860704.9459185485
3293.327427427427	861137.0330404029
3298.332332332332	861568.0324690577
3303.337237237237	861997.9482408444
3308.3421421421417	862426.7843725492
3313.3470470470465	862854.5448615256
3318.351951951952	863281.2336858101
3323.3568568568567	863706.8548042348
3328.3617617617615	864131.4121565411
3333.3666666666663	864554.909663491
3338.371571571571	864977.3512269782
3343.376476476476	865398.7407301402
3348.3813813813813	865819.0820374654
3353.386286286286	866238.3789949042
3358.391191191191	866656.6354299766
3363.396096096096	867073.8551518791
3368.4010010010006	867490.0419515935
3373.4059059059055	867905.1996019897
3378.4108108108103	868319.3318579341
3383.4157157157156	868732.442456393
3388.4206206206204	869144.5351165365
3393.4255255255252	869555.6135398414
3398.43043043043	869965.6814101951
3403.435335335335	870374.7423939962
3408.4402402402397	870782.8001402557
3413.445145145145	871189.8582806985
3418.45005005005	871595.9204298625
3423.4549549549547	872000.9901851973
3428.4598598598595	872405.0711271638
3433.4647647647644	872808.1668193317
3438.469669669669	873210.2808084756
3443.4745745745745	873611.4166246733
3448.4794794794793	874011.5777814003
3453.484384384384	874410.7677756256
3458.489289289289	874808.9900879064
3463.494194194194	875206.248182482
3468.4990990990987	875602.5455073665
3473.5040040040035	875997.8854944431
3478.508908908909	876392.2715595543
3483.5138138138136	876785.7071025952
3488.5187187187184	877178.1955076029
3493.5236236236233	877569.7401428472
3498.528528528528	877960.3443609216
3503.533433433433	878350.0114988307
3508.5383383383382	878738.7448780795
3513.543243243243	879126.5478047609
3518.548148148148	879513.4235696435
3523.5530530530527	879899.3754482588
3528.5579579579576	880284.4067009862
3533.5628628628624	880668.5205731392
3538.5677677677672	881051.7202950511
3543.5726726726725	881434.0090821583
3548.5775775775774	881815.3901350854
3553.582482482482	882195.8666397281
3558.587387387387	882575.4417673359
3563.592292292292	882954.1186745941
3568.5971971971967	883331.9005037068
3573.602102102102	883708.7903824775
3578.607007007007	884084.7914243888
3583.6119119119116	884459.9067286842
3588.6168168168165	884834.1393804468
3593.6217217217213	885207.4924506788
3598.626626626626	885579.9689963796
3603.631531531531	885951.5720606252
3608.6364364364363	886322.3046726438
3613.641341341341	886692.1698478946
3618.646246246246	887061.1705881436
3623.6511511511508	887429.3098815401
3628.6560560560556	887796.5907026919
3633.6609609609604	888163.0160127408
3638.6658658658657	888528.5887594367
3643.6707707707706	888893.3118772121
3648.6756756756754	889257.1882872564
3653.68058058058	889620.2208975876
3658.685485485485	889982.412603126
3663.69039039039	890343.7662857666
3668.695295295295	890704.2848144504
3673.7002002002	891063.9710452359
3678.705105105105	891422.8278213695
3683.7100100100097	891780.8579733571
3688.7149149149145	892138.0643190331
3693.7198198198193	892494.4496636294
3698.724724724724	892850.016799846
3703.7296296296295	893204.7685079181
3708.7345345345343	893558.7075556855
3713.739439439439	893911.8366986595
3718.744344344344	894264.1586800906
3723.749249249249	894615.6762310348
3728.7541541541536	894966.3920704209
3733.759059059059	895316.3089051163
3738.7639639639638	895665.4294299919
3743.7688688688686	896013.7563279879
3748.7737737737734	896361.2922701788
3753.7786786786783	896708.0399158375
3758.783583583583	897054.0019124985
3763.7884884884884	897399.1808960227
3768.793393393393	897743.5794906599
3773.798298298298	898087.2003091114
3778.803203203203	898430.0459525927
3783.8081081081077	898772.1190108954
3788.8130130130126	899113.4220624482
3793.8179179179174	899453.9576743791
3798.8228228228227	899793.7284025751
3803.8277277277275	900132.7367917434
3808.8326326326323	900470.9853754712
3813.837537537537	900808.4766762848
3818.842442442442	901145.2132057099
3823.847347347347	901481.1974643297
3828.852252252252	901816.4319418434
3833.857157157157	902150.9191171246
3838.862062062062	902484.6614582797
3843.8669669669666	902817.6614227039
3848.8718718718715	903149.9214571399
3853.8767767767763	903481.4439977333
3858.881681681681	903812.2314700895
3863.8865865865864	904142.2862893296
3868.8914914914913	904471.6108601463
3873.896396396396	904800.2075768594
3878.901301301301	905128.0788234695
3883.9062062062058	905455.2269737144
3888.9111111111106	905781.6543911223
3893.916016016016	906107.3634290652
3898.9209209209207	906432.3564308148
3903.9258258258255	906756.6357295928
3908.9307307307304	907080.203648626
3913.935635635635	907403.0625011985
3918.94054054054	907725.2145907029
3923.945445445445	908046.6622106938
3928.95035035035	908367.4076449388
3933.955255255255	908687.4531674692
3938.96016016016	909006.8010426322
3943.9650650650647	909325.4535251406
3948.9699699699695	909643.4128601243
3953.9748748748743	909960.6812831787
3958.9797797797796	910277.2610204162
3963.9846846846845	910593.154288515
3968.9895895895893	910908.3632947673
3973.994494494494	911222.8902371303
3978.999399399399	911536.737304273
3984.004304304304	911849.9066756244
3989.009209209209	912162.4005214234
3994.014114114114	912474.2210027638
3999.0190190190187	912785.3702716441
4004.0239239239236	913095.8504710128
4009.0288288288284	913405.6637348165
4014.0337337337332	913714.8121880455
4019.038638638638	914023.2979467809
4024.0435435435434	914331.1231182397
4029.048448448448	914638.2898008209
4034.053353353353	914944.8000841514
4039.058258258258	915250.6560491298
4044.0631631631627	915555.8597679727
4049.0680680680675	915860.4133042588
4054.072972972973	916164.3187129726
4059.0778778778777	916467.5780405492
4064.0827827827825	916770.1933249177
4069.0876876876873	917072.1665955452
4074.092592592592	917373.4998734795
4079.097497497497	917674.1951713924
4084.1024024024023	917974.2544936219
4089.107307307307	918273.6798362161
4094.112212212212	918572.4731869732
4099.117117117117	918870.6365254859
4104.122022022022	919168.1718231816
4109.126926926927	919465.0810433635
4114.131831831832	919761.366141254
4119.136736736737	920057.029064033
4124.141641641641	920352.0717508802
4129.146546546546	920646.4961330156
4134.151451451452	920940.3041337394
4139.156356356357	921233.4976684713
4144.161261261262	921526.0786447922
4149.1661661661665	921818.0489624811
4154.171071071071	922109.4105135571
4159.175975975976	922400.1651823166
4164.180880880881	922690.3148453725
4169.185785785786	922979.8613716936
4174.190690690691	923268.8066226421
4179.1955955955955	923557.1524520122
4184.2005005005	923844.9007060674
4189.205405405405	924132.0532235795
4194.21031031031	924418.6118358643
4199.215215215216	924704.578366821
4204.220120120121	924989.9546329664
4209.225025025025	925274.7424434749
4214.22992992993	925558.9436002129
4219.234834834835	925842.5598977756
4224.23973973974	926125.5931235242
4229.244644644645	926408.04505762
4234.24954954955	926689.9174730619
4239.254454454454	926971.2121357212
4244.259359359359	927251.930804377
4249.264264264264	927532.0752307511
4254.269169169169	927811.6471595434
4259.274074074074	928090.6483284658
4264.2789789789795	928369.0804682779
4269.283883883884	928646.9453028204
4274.288788788789	928924.2445490494
4279.293693693694	929200.9799170705
4284.298598598599	929477.1531101723
4289.303503503504	929752.7658248598
4294.3084084084085	930027.8197508887
4299.313313313313	930302.316571297
4304.318218218218	930576.2579624389
4309.323123123123	930849.6455940175
4314.328028028028	931122.4811291172
4319.332932932933	931394.7662242362
4324.337837837838	931666.5025293181
4329.342742742743	931937.6916877847
4334.347647647648	932208.3353365676
4339.352552552553	932478.4351061396
4344.357457457458	932747.992620546
4349.362362362363	933017.0094974366
4354.367267267267	933285.4873480956
4359.372172172172	933553.4277774743
4364.377077077077	933820.8323842199
4369.381981981982	934087.7027607068
4374.386886886887	934354.0404930676
4379.391791791792	934619.8471612227
4384.396696696696	934885.12433891
4389.401601601602	935149.873593716
4394.406506506507	935414.0964871037
4399.411411411412	935677.7945744438
4404.416316316317	935940.969405043
4409.4212212212215	936203.6225221738
4414.426126126126	936465.7554631027
4419.431031031031	936727.3697591204
4424.435935935936	936988.4669355692
4429.440840840841	937249.0485118721
4434.445745745746	937509.116001561
4439.4506506506505	937768.6709123052
4444.455555555555	938027.7147459392
4449.46046046046	938286.2489984905
4454.465365365366	938544.2751602076
4459.470270270271	938801.7947155874
4464.4751751751755	939058.8091434027
4469.48008008008	939315.3199167292
4474.484984984985	939571.3285029728
4479.48988988989	939826.8363638971
4484.494794794795	940081.8449556489
4489.4996996997	940336.3557287866
4494.5046046046045	940590.3701283046
4499.509509509509	940843.8895936619
4504.514414414414	941096.9155588064
4509.519319319319	941349.4494522021
4514.524224224224	941601.4926968546
4519.52912912913	941853.046710337
4524.534034034034	942104.1129048156
4529.538938938939	942354.692687075
4534.543843843844	942604.7874585438
4539.548748748749	942854.3986153199
4544.553653653654	943103.5275481947
4549.558558558559	943352.1756426798
4554.563463463463	943600.3442790295
4559.568368368368	943848.0348322674
4564.573273273273	944095.2486722096
4569.578178178178	944341.98716349
4574.583083083083	944588.2516655838
4579.587987987988	944834.0435328323
4584.592892892893	945079.3641144657
4589.597797797798	945324.2147546287
4594.602702702703	945568.5967924028
4599.607607607608	945812.5115618302
4604.612512512513	946055.9603919372
4609.6174174174175	946298.9446067581
4614.622322322322	946541.4655253578
4619.627227227227	946783.5244618545
4624.632132132132	947025.1227254443
4629.637037037037	947266.2616204214
4634.641941941942	947506.9424462032
4639.6468468468465	947747.1664973517
4644.651751751751	947986.9350635959
4649.656656656657	948226.2494298542
4654.661561561562	948465.1108762575
4659.666466466467	948703.5206781693
4664.671371371372	948941.4801062099
4669.676276276276	949178.990426276
4674.681181181181	949416.0528995651
4679.686086086086	949652.6687825938
4684.690990990991	949888.8393272223
4689.695895895896	950124.5657806742
4694.700800800801	950359.8493855575
4699.705705705705	950594.6913798867
4704.71061061061	950829.0929971032
4709.715515515516	951063.0554660963
4714.720420420421	951296.580011224
4719.725325325326	951529.6678523339
4724.7302302302305	951762.3202047831
4729.735135135135	951994.5382794598
4734.74004004004	952226.3232828019
4739.744944944945	952457.676416819
4744.74984984985	952688.5988791119
4749.754754754755	952919.091862892
4754.7596596596595	953149.1565570019
4759.764564564564	953378.7941459346
4764.769469469469	953608.0058098543
4769.774374374374	953836.7927246145
4774.77927927928	954065.1560617789
4779.784184184185	954293.0969886391
4784.789089089089	954520.6166682361
4789.793993993994	954747.7162593774
4794.798898898899	954974.3969166571
4799.803803803804	955200.6597904745
4804.808708708709	955426.5060270535
4809.813613613614	955651.9367684607
4814.818518518518	955876.953152624
4819.823423423423	956101.5563133524
4824.828328328328	956325.7473803527
4829.833233233233	956549.5274792492
4834.838138138138	956772.8977316011
4839.8430430430435	956995.8592549214
4844.847947947948	957218.4131626947
4849.852852852853	957440.5605643946
4854.857757757758	957662.3025655024
4859.862662662663	957883.6402675249
4864.867567567568	958104.5747680109
4869.8724724724725	958325.1071605706
4874.877377377377	958545.2385348915
4879.882282282282	958764.9699767571
4884.887187187187	958984.3025680628
4889.892092092092	959203.2373868347
4894.896996996997	959421.7755072458
4899.9019019019015	959639.9179996325
4904.906806806807	959857.6659305136
4909.911711711712	960075.020362605
4914.916616616617	960291.9823548376
4919.921521521522	960508.552962373
4924.926426426427	960724.7332366225
4929.931331331331	960940.5242252605
4934.936236236236	961155.9269722431
4939.941141141141	961370.9425178233
4944.946046046046	961585.5718985683
4949.950950950951	961799.8161473746
4954.955855855856	962013.676293485
4959.96076076076	962227.1533625039
4964.965665665666	962440.2483764137
4969.970570570571	962652.9623535905
4974.975475475476	962865.2963088197
4979.980380380381	963077.2512533119
4984.9852852852855	963288.8281947186
4989.99019019019	963500.0281371473
4994.995095095095	963710.8520811774
5000.0	963921.3010238748
