0.1	-340.75
5.104904904904904	-340.75
10.109809809809809	-340.75
15.114714714714713	-340.75
20.11961961961962	-340.75
25.124524524524524	-340.7499999999446
30.12942942942943	-340.7499999432135
35.13433433433433	-340.74999247683166
40.13923923923924	-340.74972057005897
45.14414414414414	-340.74553132440536
50.14904904904905	-340.71023127665694
55.15395395395395	-340.5182528162092
60.158858858858856	-339.7648045152608
65.16376376376375	-337.45825899173775
70.16866866866866	-331.6352171106929
75.17357357357356	-319.0080401655613
80.17847847847847	-294.7623208337513
85.18338338338337	-252.5764080090858
90.18828828828828	-184.86758790014528
95.19319319319318	-83.21253538024058
100.19809809809809	61.13994955915524
105.20300300300299	256.74785650026797
110.2079079079079	511.5137189502283
115.2128128128128	832.3236727492517
120.2177177177177	1224.805861363536
125.22262262262261	1693.2067672940948
130.2275275275275	2240.37111851432
135.23243243243243	2867.8042278040175
140.23733733733732	3575.7936365780993
145.2422422422422	4363.568191605481
150.24714714714713	5229.475788366035
155.25205205205205	6171.164900869484
160.25695695695694	7185.7589614547915
165.26186186186183	8270.016226118929
170.26676676676675	9420.470752219146
175.27167167167167	10633.552465724419
180.27657657657656	11905.686034738726
185.28148148148145	13233.369472427496
190.28638638638637	14613.234161947237
195.2912912912913	16042.08842545335
200.29619619619618	17516.9469366419
205.30110110110107	19035.04827601723
210.306006006006	20593.862810087496
215.3109109109109	22191.09288619029
220.3158158158158	23824.667107901652
225.3207207207207	25492.730216356325
230.3256256256256	27193.629866848314
235.33053053053052	28925.90136832201
240.33543543543541	30688.25125190367
245.3403403403403	32479.540356374906
250.34524524524522	34298.76696417351
255.35015015015014	36145.05039040473
260.35505505505506	38017.61531785522
265.35995995995995	39915.777081031534
270.3648648648649	41838.928029506074
275.3697697697698	43786.525043029294
280.3746746746747	45758.078225752135
285.37957957957957	47753.140772453065
290.38448448448446	49771.29997404965
295.3893893893894	51812.169311285375
300.3942942942943	53875.3815729191
305.3991991991992	55960.58292682411
310.40410410410414	58067.4278681183
315.409009009009	60195.57496696959
320.4139139139139	62344.68333935981
325.4188188188188	64514.4097662876
330.4237237237237	66704.40639019903
335.42862862862864	68914.31892148791
340.43353353353353	71143.78529242863
345.4384384384384	73392.43470067035
350.4433433433434	75659.886989263
355.44824824824826	77945.7523149804
360.45315315315315	80249.63106135951
365.45805805805804	82571.11395732212
370.46296296296293	84909.78236644444
375.4678678678679	87265.2087158628
380.47277277277277	89636.95703743945
385.47767767767766	92024.58359715003
390.4825825825826	94427.63759170813
395.4874874874875	96845.66189421003
400.4923923923924	99278.19383308406
405.4972972972973	101724.76599087684
410.50220220220217	104184.90701141734
415.5071071071071	106658.1424056894
420.512012012012	109143.99534833022
425.5169169169169	111641.98745807324
430.52182182182185	114151.63955668402
435.52672672672674	116672.47240201735
440.5316316316316	119204.00739176388
445.5365365365365	121745.7672352685
450.5414414414414	124297.27659150818
455.54634634634635	126858.06267192267
460.55125125125124	129427.65580730535
465.55615615615613	132005.58997840434
470.5610610610611	134591.40331024825
475.565965965966	137184.6385305243
480.57087087087086	139784.843392589
485.57577577577575	142391.5710638997
490.58068068068064	145004.38048082637
495.5855855855856	147622.83667093114
500.5904904904905	150246.51104390898
505.59539539539537	152874.9816524562
510.6003003003003	155507.83342438683
515.6052052052052	158144.65836735192
520.6101101101101	160785.05574753258
525.615015015015	163428.63224368324
530.6199199199199	166075.0020778909
535.6248248248248	168723.78712440326
540.6297297297298	171374.6169978468
545.6346346346346	174027.1291221329
550.6395395395396	176680.9687813044
555.6444444444444	179335.78915354217
560.6493493493493	181991.25132950232
565.6542542542543	184647.0243161127
570.6591591591591	187302.78502690775
575.6640640640641	189958.21825993492
580.6689689689689	192613.01666421554
585.6738738738738	195266.88069569747
590.6787787787788	197919.51856358538
595.6836836836836	200570.64616789256
600.6885885885886	203219.98702900755
605.6934934934935	205867.27221002657
610.6983983983984	208512.24023255816
615.7033033033033	211154.6369866656
620.7082082082082	213794.2156355696
625.7131131131131	216430.73651569738
630.718018018018	219063.96703262615
635.7229229229229	221693.6815534303
640.7278278278278	224319.66129591272
645.7327327327328	226941.69421516245
650.7376376376376	229559.57488785454
655.7425425425425	232173.10439467593
660.7474474474474	234782.09020123168
665.7523523523523	237386.34603776646
670.7572572572573	239985.69177800074
675.7621621621621	242579.95331736817
680.767067067067	245168.96245091074
685.771971971972	247752.55675106976
690.7768768768768	250330.57944559483
695.7817817817818	252902.87929576694
700.7866866866867	255469.3104751222
705.7915915915916	258029.7324488401
710.7964964964965	260584.0098539505
715.8014014014013	263132.0123804946
720.8063063063063	265673.6146537657
725.8112112112112	268208.6961177389
730.8161161161161	270737.14091979316
735.821021021021	273258.8377968121
740.8259259259258	275773.6799627444
745.8308308308308	278281.56499769224
750.8357357357357	280782.3947385918
755.8406406406406	283276.07517153514
760.8455455455455	285762.51632578357
765.8504504504505	288241.63216950616
770.8553553553553	290713.34050728177
775.8602602602602	293177.5628793869
780.8651651651652	295634.2244628912
785.87007007007	298083.25397457916
790.874974974975	300524.5835757067
795.8798798798798	302958.14877860143
800.8847847847848	305383.88835511036
805.8896896896897	307801.7442468939
810.8945945945945	310211.6614775636
815.8994994994995	312613.58806665847
820.9044044044043	315007.47494544735
825.9093093093093	317393.2758745511
830.9142142142142	319770.94736336684
835.919119119119	322140.44859128044
840.924024024024	324501.74133065087
845.9289289289289	326854.78987154516
850.9338338338338	329199.560948206
855.9387387387387	331536.023667229
860.9436436436437	333864.1494374273
865.9485485485485	336183.91190136044
870.9534534534534	338495.2868685019
875.9583583583583	340798.25225002144
880.9632632632632	343092.78799515433
885.9681681681682	345378.8760291337
890.973073073073	347656.50019265804
895.977977977978	349925.64618286525
900.9828828828828	352186.3014957886
905.9877877877877	354438.45537026494
910.9926926926927	356682.0987332684
915.9975975975975	358917.22414664156
921.0025025025025	361143.8257551961
926.0074074074074	363361.8992361561
931.0123123123122	365571.4417499146
936.0172172172172	367772.4518920777
941.0221221221221	369964.9296467676
946.027027027027	372148.87634115905
951.0319319319319	374324.29460121866
956.0368368368368	376491.1883086259
961.0417417417417	378649.56255884375
966.0466466466466	380799.4236203175
971.0515515515515	382940.7788947721
976.0564564564564	385073.6368785862
981.0613613613613	387198.00712521496
986.0662662662662	389313.900208638
991.0711711711712	391421.3276878094
996.076076076076	393520.3020720828
1001.0809809809809	395610.83678759163
1006.0858858858859	397692.94614455797
1011.0907907907907	399766.64530551067
1016.0956956956957	401831.9502543869
1021.1006006006006	403888.87776649836
1026.1055055055053	405937.44537933805
1031.1104104104102	407977.6713642095
1036.1153153153152	410009.5746986537
1041.12022022022	412033.17503965786
1046.125125125125	414048.49269762373
1051.13003003003	416055.54861107614
1056.1349349349348	418054.36432209273
1061.1398398398396	420044.9619524386
1066.1447447447447	422027.3641803837
1071.1496496496495	424001.5942181885
1076.1545545545544	425967.675790239
1081.1594594594594	427925.6331118156
1086.1643643643642	429875.4908684754
1091.169269269269	431817.27419603785
1096.174174174174	433751.0086611519
1101.179079079079	435676.72024243325
1106.1839839839838	437594.4353121544
1111.1888888888886	439504.18061847356
1116.1937937937937	441405.98326818884
1121.1986986986985	443299.87071000127
1126.2036036036034	445185.8707182763
1131.2085085085084	447064.01137728686
1136.2134134134133	448934.3210659281
1141.218318318318	450796.82844288915
1146.2232232232232	452651.5624322702
1151.228128128128	454498.552209632
1156.2330330330328	456337.82718846854
1161.2379379379377	458169.4170070874
1166.2428428428427	459993.35151589016
1171.2477477477476	461809.6607650401
1176.2526526526524	463618.3749925075
1181.2575575575574	465419.5246124814
1186.2624624624623	467213.1402041375
1191.2673673673671	468999.25250075455
1196.2722722722722	470777.89237916656
1201.277177177177	472549.0908495436
1206.2820820820818	474312.87904549204
1211.286986986987	476069.28821446374
1216.2918918918917	477818.3497084682
1221.2967967967966	479560.09497507644
1226.3017017017016	481294.555548711
1231.3066066066065	483021.7630422123
1236.3115115115113	484741.74913867447
1241.3164164164164	486454.54558354325
1246.3213213213212	488160.18417696777
1251.326226226226	489858.6967664003
1256.3311311311309	491550.1152394359
1261.336036036036	493234.4715168866
1266.3409409409408	494911.7975460805
1271.3458458458456	496582.12529438484
1276.3507507507506	498245.4867429406
1281.3556556556555	499901.91388060694
1286.3605605605603	501551.4386981077
1291.3654654654654	503194.0931823756
1296.3703703703702	504829.9093110859
1301.375275275275	506458.9190473772
1306.38018018018	508081.15433475276
1311.385085085085	509696.64709215664
1316.3899899899898	511305.42920922
1321.3948948948946	512907.53254167404
1326.3997997997997	514502.98890692263
1331.4047047047045	516091.8300797712
1336.4096096096093	517674.08778830856
1341.4145145145144	519249.7937099345
1346.4194194194192	520818.9794675316
1351.424324324324	522381.67662577546
1356.4292292292291	523937.91668758064
1361.434134134134	525487.731090677
1366.4390390390388	527031.1512043136
1371.4439439439439	528568.2083260873
1376.4488488488487	530098.9336788891
1381.4537537537535	531623.3584079694
1386.4586586586586	533141.513578116
1391.4635635635634	534653.4301709405
1396.4684684684682	536159.1390822737
1401.4733733733733	537658.6711196626
1406.4782782782781	539152.0569999692
1411.483183183183	540639.3273470666
1416.4880880880878	542120.5126896303
1421.4929929929929	543595.6434590197
1426.4978978978977	545064.749987252
1431.5028028028025	546527.8625050602
1436.5077077077076	547985.0111400348
1441.5126126126124	549436.225914851
1446.5175175175173	550881.5367455693
1451.5224224224223	552320.9734400187
1456.5273273273272	553754.5656962501
1461.532232232232	555182.3431010636
1466.537137137137	556604.3351286077
1471.5420420420419	558020.5711390424
1476.5469469469467	559431.0803772729
1481.5518518518516	560835.8919717442
1486.5567567567566	562235.0349332993
1491.5616616616614	563628.5381540959
1496.5665665665663	565016.4304065845
1501.5714714714713	566398.7403425401
1506.5763763763762	567775.4964921499
1511.581281281281	569146.7272631553
1516.586186186186	570512.4609400434
1521.591091091091	571872.7256832899
1526.5959959959957	573227.5495286507
1531.6009009009008	574576.9603864986
1536.6058058058056	575920.9860412081
1541.6107107107105	577259.6541505818
1546.6156156156155	578592.9922453219
1551.6205205205204	579921.0277285395
1556.6254254254252	581243.7878753092
1561.6303303303303	582561.2998322574
1566.635235235235	583873.5906171909
1571.64014014014	585180.6871187618
1576.6450450450448	586482.6160961658
1581.6499499499498	587779.4041788777
1586.6548548548546	589071.0778664161
1591.6597597597595	590357.6635281434
1596.6646646646645	591639.1874030953
1601.6695695695694	592915.6755998387
1606.6744744744742	594187.1540963614
1611.6793793793793	595453.648739988
1616.684284284284	596715.1852473227
1621.689189189189	597971.7892042188
1626.694094094094	599223.4860657736
1631.6989989989988	600470.3011563472
1636.7039039039037	601712.2596696048
1641.7088088088085	602949.386668583
1646.7137137137136	604181.7070857759
1651.7186186186184	605409.245723245
1656.7235235235232	606632.027252747
1661.7284284284283	607850.0762158846
1666.7333333333331	609063.4170242723
1671.738238238238	610272.0739597247
1676.743143143143	611476.0711744598
1681.7480480480478	612675.4326913207
1686.7529529529527	613870.1824040135
1691.7578578578577	615060.3440773615
1696.7627627627626	616245.9413475733
1701.7676676676674	617426.997722528
1706.7725725725725	618603.5365820727
1711.7774774774773	619775.5811783345
1716.7823823823821	620943.154636046
1721.7872872872872	622106.2799528819
1726.792192192192	623264.9799998099
1731.7970970970969	624419.277521452
1736.8020020020017	625569.1951364572
1741.8069069069068	626714.7553378855
1746.8118118118116	627855.9804936011
1751.8167167167164	628992.8928466766
1756.8216216216215	630125.5145158081
1761.8265265265263	631253.8674957344
1766.8314314314312	632377.9736576715
1771.8363363363362	633497.8547497503
1776.841241241241	634613.532397465
1781.8461461461459	635725.0281041287
1786.851051051051	636832.3632513352
1791.8559559559558	637935.559099429
1796.8608608608606	639034.6367879821
1801.8657657657654	640129.6173362748
1806.8706706706705	641220.5216437869
1811.8755755755753	642307.3704906895
1816.8804804804802	643390.184538346
1821.8853853853852	644468.9843298171
1826.89029029029	645543.7902903704
1831.895195195195	646614.6227279942
1836.9001001001	647681.5018339177
1841.9050050050048	648744.4476831327
1846.9099099099096	649803.4802349207
1851.9148148148147	650858.6193333847
1856.9197197197195	651909.8847079809
1861.9246246246244	652957.2959740577
1866.9295295295294	654000.872633396
1871.9344344344343	655040.6340747501
1876.939339339339	656076.5995743962
1881.9442442442441	657108.7882966779
1886.949149149149	658137.2192945583
1891.9540540540538	659161.9115101709
1896.9589589589586	660182.8837753752
1901.9638638638637	661200.1548123113
1906.9687687687685	662213.7432339581
1911.9736736736734	663223.6675446923
1916.9785785785784	664229.9461408473
1921.9834834834833	665232.5973112753
1926.988388388388	666231.6392379102
1931.9932932932932	667227.0899963282
1936.998198198198	668218.967556313
1942.0031031031028	669207.2897824198
1947.008008008008	670192.0744345393
1952.0129129129127	671173.3391684622
1957.0178178178176	672151.1015364451
1962.0227227227224	673125.3789877748
1967.0276276276275	674096.1888693328
1972.0325325325323	675063.5484261613
1977.0374374374371	676027.474802027
1982.0423423423422	676987.9850399846
1987.047247247247	677945.0960829412
1992.0521521521518	678898.8247742199
1997.057057057057	679849.1878581211
2002.0619619619617	680796.2019804846
2007.0668668668666	681739.8836892514
2012.0717717717716	682680.249435022
2017.0766766766765	683617.3155716172
2022.0815815815813	684551.098356635
2027.0864864864864	685481.6139520075
2032.0913913913912	686408.8784245576
2037.096296296296	687332.9077465516
2042.101201201201	688253.7177962543
2047.106106106106	689171.3243584791
2052.1110110110108	690085.7431251395
2057.1159159159156	690996.9896957966
2062.1208208208204	691905.0795782075
2067.1257257257257	692810.0281888702
2072.1306306306305	693711.8508535674
2077.1355355355354	694610.5628079094
2082.14044044044	695506.1791978744
2087.145345345345	696398.7150803462
2092.15025025025	697288.1854236518
2097.1551551551547	698174.6051080973
2102.16006006006	699057.9889264987
2107.164964964965	699938.351584714
2112.1698698698697	700815.707702173
2117.1747747747745	701690.0718124035
2122.1796796796793	702561.4583635557
2127.184584584584	703429.8817189259
2132.1894894894895	704295.3561574769
2137.1943943943943	705157.8958743565
2142.199299299299	706017.5149814134
2147.204204204204	706874.2275077122
2152.209109109109	707728.0474000443
2157.2140140140136	708578.9885234383
2162.218918918919	709427.064661667
2167.2238238238237	710272.289517752
2172.2287287287286	711114.6767144672
2177.2336336336334	711954.2397948384
2182.2385385385383	712790.9922226416
2187.243443443443	713624.9473828985
2192.248348348348	714456.1185823702
2197.253253253253	715284.5190500473
2202.258158158158	716110.1619376377
2207.263063063063	716933.0603200546
2212.2679679679677	717753.2271958978
2217.2728728728725	718570.675487936
2222.2777777777774	719385.4180435847
2227.2826826826827	720197.4676353825
2232.2875875875875	721006.8369614645
2237.2924924924923	721813.538646034
2242.297397397397	722617.58523983
2247.302302302302	723418.9892205938
2252.307207207207	724217.7629935333
2257.3121121121117	725013.9188917823
2262.317017017017	725807.4691768613
2267.321921921922	726598.4260391305
2272.3268268268266	727386.8015982461
2277.3317317317315	728172.6079036096
2282.3366366366363	728955.8569348165
2287.341541541541	729736.5606021022
2292.3464464464464	730514.7307467854
2297.3513513513512	731290.3791417084
2302.356256256256	732063.5174916758
2307.361161161161	732834.1574338904
2312.3660660660657	733602.3105383854
2317.3709709709706	734367.9883084558
2322.3758758758754	735131.202181086
2327.3807807807807	735891.9635273762
2332.3856856856855	736650.2836529642
2337.3905905905904	737406.1737984465
2342.395495495495	738159.6451397971
2347.4004004004	738910.7087887808
2352.405305305305	739659.3757933693
2357.41021021021	740405.657138148
2362.415115115115	741149.5637447269
2367.42002002002	741891.1064721451
2372.4249249249247	742630.2961172728
2377.4298298298295	743367.1434152136
2382.4347347347343	744101.6590397009
2387.4396396396396	744833.853603494
2392.4445445445444	745563.7376587722
2397.4494494494493	746291.3216975231
2402.454354354354	747016.6161519333
2407.459259259259	747739.6313947726
2412.464164164164	748460.3777397773
2417.4690690690686	749178.8654420322
2422.473973973974	749895.1046983482
2427.4788788788787	750609.1056476377
2432.4837837837836	751320.8783712902
2437.4886886886884	752030.4328935415
2442.4935935935932	752737.7791818443
2447.498498498498	753442.9271472333
2452.5034034034034	754145.8866446905
2457.508308308308	754846.6674735058
2462.513213213213	755545.2793776382
2467.518118118118	756241.732046071
2472.5230230230227	756936.0351131678
2477.5279279279275	757628.1981590249
2482.532832832833	758318.2307098211
2487.5377377377376	759006.1422381658
2492.5426426426425	759691.9421634446
2497.5475475475473	760375.6398521627
2502.552452452452	761057.244618286
2507.557357357357	761736.7657235799
2512.562262262262	762414.2123779461
2517.567167167167	763089.5937397564
2522.572072072072	763762.9189161853
2527.5769769769768	764434.1969635402
2532.5818818818816	765103.4368875887
2537.5867867867864	765770.6476438845
2542.5916916916913	766435.8381380904
2547.5965965965966	767099.0172263
2552.6015015015014	767760.1937153562
2557.606406406406	768419.3763631692
2562.611311311311	769076.5738790302
2567.616216216216	769731.794923925
2572.6211211211207	770385.0481108438
2577.6260260260256	771036.3420050906
2582.630930930931	771685.6851245891
2587.6358358358357	772333.0859401869
2592.6407407407405	772978.5528759582
2597.6456456456453	773622.0943095043
2602.65055055055	774263.7185722515
2607.655455455455	774903.4339497471
2612.6603603603603	775541.2486819542
2617.665265265265	776177.1709635432
2622.67017017017	776811.2089441828
2627.675075075075	777443.3707288278
2632.6799799799796	778073.6643780052
2637.6848848848845	778702.0979080992
2642.6897897897893	779328.6792916332
2647.6946946946946	779953.4164575503
2652.6995995995994	780576.3172914914
2657.7045045045043	781197.3896360731
2662.709409409409	781816.6412911612
2667.714314314314	782434.0800141443
2672.7192192192188	783049.7135202044
2677.724124124124	783663.5494825864
2682.729029029029	784275.595532865
2687.7339339339337	784885.8592612112
2692.7388388388385	785494.3482166543
2697.7437437437434	786101.0699073451
2702.748648648648	786706.0318008155
2707.7535535535535	787309.2413242365
2712.7584584584583	787910.7058646755
2717.763363363363	788510.4327693499
2722.768268268268	789108.4293458806
2727.773173173173	789704.7028625436
2732.7780780780777	790299.2605485191
2737.7829829829825	790892.1095941386
2742.787887887888	791483.2571511329
2747.7927927927926	792072.710332874
2752.7976976976975	792660.4762146196
2757.8026026026023	793246.5618337537
2762.807507507507	793830.974190025
2767.812412412412	794413.7202457857
2772.8173173173172	794994.8069262276
2777.822222222222	795574.2411196154
2782.827127127127	796152.0296775207
2787.8320320320317	796728.179415052
2792.8369369369366	797302.6971110861
2797.8418418418414	797875.5895084935
2802.8467467467467	798446.8633143671
2807.8516516516515	799016.5252002461
2812.8565565565564	799584.5818023395
2817.861461461461	800151.0397217479
2822.866366366366	800715.9055246831
2827.871271271271	801279.1857426874
2832.8761761761757	801840.8868728513
2837.881081081081	802401.015378028
2842.885985985986	802959.5776870482
2847.8908908908907	803516.5801949331
2852.8957957957955	804072.0292631048
2857.9007007007003	804625.9312195973
2862.905605605605	805178.2923592633
2867.9105105105104	805729.1189439826
2872.9154154154153	806278.4172028663
2877.92032032032	806826.1933324615
2882.925225225225	807372.4534969545
2887.93013013013	807917.2038283701
2892.9350350350346	808460.4504267734
2897.9399399399394	809002.1993604677
2902.9448448448447	809542.4566661905
2907.9497497497496	810081.2283493108
2912.9546546546544	810618.5203840225
2917.9595595595592	811154.3387135377
2922.964464464464	811688.6892502778
2927.969369369369	812221.5778760652
2932.974274274274	812753.0104423111
2937.979179179179	813282.9927702032
2942.984084084084	813811.5306508933
2947.9889889889887	814338.6298456815
2952.9938938938935	814864.2960862002
2957.9987987987984	815388.5350745968
2963.003703703703	815911.3524837147
2968.0086086086085	816432.7539572748
2973.0135135135133	816952.7451100519
2978.018418418418	817471.331528055
2983.023323323323	817988.5187687014
2988.028228228228	818504.3123609932
2993.0331331331327	819018.7178056913
2998.038038038038	819531.7405754873
3003.042942942943	820043.3861151759
3008.0478478478476	820553.6598418246
3013.0527527527524	821062.5671449442
3018.0576576576573	821570.1133866549
3023.062562562562	822076.3039018553
3028.0674674674674	822581.1439983862
3033.0723723723722	823084.638957197
3038.077277277277	823586.7940325079
3043.082182182182	824087.614451973
3048.0870870870867	824587.1054168415
3053.0919919919916	825085.2721021168
3058.0968968968964	825582.1196567173
3063.1018018018017	826077.6532036333
3068.1067067067065	826571.8778400836
3073.1116116116114	827064.7986376722
3078.116516516516	827556.4206425423
3083.121421421421	828046.7488755307
3088.126326326326	828535.7883323192
3093.131231231231	829023.543983588
3098.136136136136	829510.0207751642
3103.141041041041	829995.223628173
3108.1459459459456	830479.1574391854
3113.1508508508505	830961.8270803656
3118.1557557557553	831443.237399618
3123.1606606606606	831923.3932207321
3128.1655655655654	832402.2993435271
3133.1704704704703	832879.960543996
3138.175375375375	833356.3815744475
3143.18028028028	833831.5671636474
3148.1851851851848	834305.5220169601
3153.1900900900896	834778.2508164874
3158.194994994995	835249.758221207
3163.1998998998997	835720.0488671112
3168.2048048048046	836189.1273673428
3173.2097097097094	836656.998312332
3178.214614614614	837123.66626993
3183.219519519519	837589.1357855441
3188.2244244244243	838053.4113822704
3193.229329329329	838516.497561026
3198.234234234234	838978.3988006808
3203.239139139139	839439.1195581871
3208.2440440440437	839898.6642687103
3213.2489489489485	840357.0373457563
3218.2538538538533	840814.2431813007
3223.2587587587586	841270.2861459141
3228.2636636636635	841725.1705888899
3233.2685685685683	842178.9008383687
3238.273473473473	842631.4812014621
3243.278378378378	843082.915964378
3248.283283283283	843533.2093925414
3253.288188188188	843982.3657307178
3258.293093093093	844430.3892031334
3263.2979979979978	844877.2840135958
3268.3029029029026	845323.0543456132
3273.3078078078074	845767.7043625134
3278.3127127127123	846211.2382075613
3283.317617617617	846653.6600040762
3288.3225225225224	847094.9738555483
3293.327427427427	847535.1838457535
3298.332332332332	847974.2940388694
3303.337237237237	848412.3084795877
3308.3421421421417	848849.2311932282
3313.3470470470465	849285.0661858524
3318.351951951952	849719.8174443727
3323.3568568568567	850153.4889366656
3328.3617617617615	850586.0846116807
3333.3666666666663	851017.608399551
3338.371571571571	851448.0642117007
3343.376476476476	851877.455940954
3348.3813813813813	852305.7874616425
3353.386286286286	852733.0626297108
3358.391191191191	853159.2852828235
3363.396096096096	853584.4592404703
3368.4010010010006	854008.5883040695
3373.4059059059055	854431.6762570733
3378.4108108108103	854853.7268650689
3383.4157157157156	855274.7438758835
3388.4206206206204	855694.7310196839
3393.4255255255252	856113.6920090785
3398.43043043043	856531.6305392176
3403.435335335335	856948.5502878935
3408.4402402402397	857364.4549156385
3413.445145145145	857779.3480658253
3418.45005005005	858193.2333647619
3423.4549549549547	858606.1144217919
3428.4598598598595	859017.9948293889
3433.4647647647644	859428.878163253
3438.469669669669	859838.7679824065
3443.4745745745745	860247.6678292878
3448.4794794794793	860655.5812298453
3453.484384384384	861062.5116936319
3458.489289289289	861468.4627138966
3463.494194194194	861873.4377676772
3468.4990990990987	862277.4403158919
3473.5040040040035	862680.4738034297
3478.508908908909	863082.5416592421
3483.5138138138136	863483.647296431
3488.5187187187184	863883.7941123394
3493.5236236236233	864282.9854886392
3498.528528528528	864681.2247914202
3503.533433433433	865078.5153712761
3508.5383383383382	865474.8605633925
3513.543243243243	865870.2636876329
3518.548148148148	866264.7280486244
3523.5530530530527	866658.2569358434
3528.5579579579576	867050.8536236992
3533.5628628628624	867442.5213716191
3538.5677677677672	867833.2634241314
3543.5726726726725	868223.0830109493
3548.5775775775774	868611.9833470518
3553.582482482482	868999.9676327668
3558.587387387387	869387.0390538533
3563.592292292292	869773.2007815798
3568.5971971971967	870158.4559728071
3573.602102102102	870542.8077700672
3578.607007007007	870926.2593016422
3583.6119119119116	871308.813681644
3588.6168168168165	871690.4740100923
3593.6217217217213	872071.2433729919
3598.626626626626	872451.1248424111
3603.631531531531	872830.1214765576
3608.6364364364363	873208.2363198549
3613.641341341341	873585.472403019
3618.646246246246	873961.8327431325
3623.6511511511508	874337.3203437207
3628.6560560560556	874711.9381948251
3633.6609609609604	875085.6892730779
3638.6658658658657	875458.5765417748
3643.6707707707706	875830.602950949
3648.6756756756754	876201.7714374426
3653.68058058058	876572.0849249795
3658.685485485485	876941.5463242366
3663.69039039039	877310.1585329148
3668.695295295295	877677.9244358103
3673.7002002002	878044.8469048843
3678.705105105105	878410.9287993327
3683.7100100100097	878776.1729656564
3688.7149149149145	879140.5822377289
3693.7198198198193	879504.1594368655
3698.724724724724	879866.9073718914
3703.7296296296295	880228.8288392095
3708.7345345345343	880589.9266228664
3713.739439439439	880950.203494621
3718.744344344344	881309.6622140096
3723.749249249249	881668.3055284115
3728.7541541541536	882026.1361731159
3733.759059059059	882383.1568713862
3738.7639639639638	882739.3703345241
3743.7688688688686	883094.7792619349
3748.7737737737734	883449.3863411914
3753.7786786786783	883803.1942480961
3758.783583583583	884156.2056467457
3763.7884884884884	884508.4231895935
3768.793393393393	884859.8495175106
3773.798298298298	885210.4872598497
3778.803203203203	885560.3390345047
3783.8081081081077	885909.4074479731
3788.8130130130126	886257.6950954167
3793.8179179179174	886605.2045607208
3798.8228228228227	886951.9384165559
3803.8277277277275	887297.8992244359
3808.8326326326323	887643.0895347783
3813.837537537537	887987.5118869625
3818.842442442442	888331.1688093888
3823.847347347347	888674.062819536
3828.852252252252	889016.1964240199
3833.857157157157	889357.5721186497
3838.862062062062	889698.1923884869
3843.8669669669666	890038.0597078995
3848.8718718718715	890377.176540621
3853.8767767767763	890715.5453398043
3858.881681681681	891053.1685480787
3863.8865865865864	891390.0485976051
3868.8914914914913	891726.1879101301
3873.896396396396	892061.5888970422
3878.901301301301	892396.253959424
3883.9062062062058	892730.1854881088
3888.9111111111106	893063.3858637324
3893.916016016016	893395.8574567864
3898.9209209209207	893727.602627673
3903.9258258258255	894058.623726755
3908.9307307307304	894388.9230944108
3913.935635635635	894718.503061085
3918.94054054054	895047.3659473398
3923.945445445445	895375.5140639078
3928.95035035035	895702.9497117419
3933.955255255255	896029.6751820667
3938.96016016016	896355.6927564287
3943.9650650650647	896681.0047067462
3948.9699699699695	897005.61329536
3953.9748748748743	897329.5207750825
3958.9797797797796	897652.7293892467
3963.9846846846845	897975.2413717553
3968.9895895895893	898297.0589471296
3973.994494494494	898618.1843305579
3978.999399399399	898938.6197279433
3984.004304304304	899258.3673359518
3989.009209209209	899577.429342059
3994.014114114114	899895.8079245983
3999.0190190190187	900213.505252808
4004.0239239239236	900530.5234868765
4009.0288288288284	900846.8647779902
4014.0337337337332	901162.5312683783
4019.038638638638	901477.5250913601
4024.0435435435434	901791.8483713891
4029.048448448448	902105.5032240989
4034.053353353353	902418.4917563484
4039.058258258258	902730.8160662663
4044.0631631631627	903042.4782432952
4049.0680680680675	903353.4803682361
4054.072972972973	903663.8245132929
4059.0778778778777	903973.5127421145
4064.0827827827825	904282.5471098402
4069.0876876876873	904590.9296631416
4074.092592592592	904898.6624402651
4079.097497497497	905205.7474710756
4084.1024024024023	905512.1867770989
4089.107307307307	905817.9823715623
4094.112212212212	906123.1362594381
4099.117117117117	906427.6504374848
4104.122022022022	906731.5268942881
4109.126926926927	907034.7676103023
4114.131831831832	907337.374557891
4119.136736736737	907639.3497013681
4124.141641641641	907940.694997038
4129.146546546546	908241.4123932355
4134.151451451452	908541.5038303665
4139.156356356357	908840.9712409464
4144.161261261262	909139.8165496413
4149.1661661661665	909438.0416733058
4154.171071071071	909735.6485210224
4159.175975975976	910032.6389941407
4164.180880880881	910329.0149863153
4169.185785785786	910624.7783835448
4174.190690690691	910919.9310642089
4179.1955955955955	911214.4748991075
4184.2005005005	911508.4117514975
4189.205405405405	911801.7434771305
4194.21031031031	912094.4719242902
4199.215215215216	912386.5989338286
4204.220120120121	912678.1263392039
4209.225025025025	912969.055966516
4214.22992992993	913259.389634544
4219.234834834835	913549.1291547811
4224.23973973974	913838.2763314716
4229.244644644645	914126.8329616459
4234.24954954955	914414.8008351562
4239.254454454454	914702.1817347121
4244.259359359359	914988.9774359148
4249.264264264264	915275.189707294
4254.269169169169	915560.8203103398
4259.274074074074	915845.8709995395
4264.2789789789795	916130.3435224111
4269.283883883884	916414.2396195367
4274.288788788789	916697.5610245975
4279.293693693694	916980.3094644073
4284.298598598599	917262.4866589451
4289.303503503504	917544.09432139
4294.3084084084085	917825.1341581525
4299.313313313313	918105.6078689088
4304.318218218218	918385.5171466331
4309.323123123123	918664.8636776303
4314.328028028028	918943.6491415678
4319.332932932933	919221.8752115085
4324.337837837838	919499.5435539426
4329.342742742743	919776.6558288188
4334.347647647648	920053.2136895768
4339.352552552553	920329.2187831778
4344.357457457458	920604.672750137
4349.362362362363	920879.5772245539
4354.367267267267	921153.933834143
4359.372172172172	921427.7442002655
4364.377077077077	921701.0099379588
4369.381981981982	921973.7326559675
4374.386886886887	922245.9139567736
4379.391791791792	922517.5554366268
4384.396696696696	922788.6586855733
4389.401601601602	923059.2252874871
4394.406506506507	923329.2568200985
4399.411411411412	923598.7548550233
4404.416316316317	923867.7209577932
4409.4212212212215	924136.1566878832
4414.426126126126	924404.0635987422
4419.431031031031	924671.4432378204
4424.435935935936	924938.2971465987
4429.440840840841	925204.6268606166
4434.445745745746	925470.4339095006
4439.4506506506505	925735.7198169925
4444.455555555555	926000.486100977
4449.46046046046	926264.7342735096
4454.465365365366	926528.4658408444
4459.470270270271	926791.6823034608
4464.4751751751755	927054.3851560922
4469.48008008008	927316.575887752
4474.484984984985	927578.255981761
4479.48988988989	927839.426915774
4484.494794794795	928100.090161807
4489.4996996997	928360.2471862632
4494.5046046046045	928619.8994499601
4499.509509509509	928879.0484081551
4504.514414414414	929137.6955105715
4509.519319319319	929395.8422014253
4514.524224224224	929653.4899194507
4519.52912912913	929910.6400979249
4524.534034034034	930167.294164695
4529.538938938939	930423.4535422024
4534.543843843844	930679.1196475091
4539.548748748749	930934.2938923212
4544.553653653654	931188.9776830153
4549.558558558559	931443.1724206631
4554.563463463463	931696.8795010556
4559.568368368368	931950.1003147279
4564.573273273273	932202.8362469836
4569.578178178178	932455.0886779198
4574.583083083083	932706.8589824497
4579.587987987988	932958.1485303288
4584.592892892893	933208.9586861762
4589.597797797798	933459.2908095006
4594.602702702703	933709.1462547232
4599.607607607608	933958.5263712007
4604.612512512513	934207.432503249
4609.6174174174175	934455.8659901673
4614.622322322322	934703.8281662596
4619.627227227227	934951.3203608592
4624.632132132132	935198.3438983506
4629.637037037037	935444.9000981929
4634.641941941942	935690.9902749418
4639.6468468468465	935936.6157382728
4644.651751751751	936181.7777930028
4649.656656656657	936426.4777391135
4654.661561561562	936670.7168717723
4659.666466466467	936914.4964813547
4664.671371371372	937157.8178534668
4669.676276276276	937400.6822689666
4674.681181181181	937643.0910039855
4679.686086086086	937885.04532995
4684.690990990991	938126.5465136038
4689.695895895896	938367.5958170277
4694.700800800801	938608.1944976621
4699.705705705705	938848.3438083275
4704.71061061061	939088.0449972453
4709.715515515516	939327.29930806
4714.720420420421	939566.1079798571
4719.725325325326	939804.4722471872
4724.7302302302305	940042.393340084
4729.735135135135	940279.872484086
4734.74004004004	940516.9109002557
4739.744944944945	940753.5098052011
4744.74984984985	940989.6704110954
4749.754754754755	941225.393925696
4754.7596596596595	941460.6815523659
4759.764564564564	941695.5344900921
4764.769469469469	941929.9539335058
4769.774374374374	942163.9410729033
4774.77927927928	942397.4970942624
4779.784184184185	942630.623179265
4784.789089089089	942863.3205053142
4789.793993993994	943095.590245554
4794.798898898899	943327.4335688893
4799.803803803804	943558.8516400034
4804.808708708709	943789.8456193774
4809.813613613614	944020.4166633098
4814.818518518518	944250.5659239339
4819.823423423423	944480.2945492364
4824.828328328328	944709.6036830776
4829.833233233233	944938.4944652067
4834.838138138138	945166.9680312834
4839.8430430430435	945395.0255128935
4844.847947947948	945622.6680375688
4849.852852852853	945849.8967288029
4854.857757757758	946076.7127060717
4859.862662662663	946303.117084849
4864.867567567568	946529.110976626
4869.8724724724725	946754.695488927
4874.877377377377	946979.8717253279
4879.882282282282	947204.6407854744
4884.887187187187	947429.0037650979
4889.892092092092	947652.9617560334
4894.896996996997	947876.5158462366
4899.9019019019015	948099.667119801
4904.906806806807	948322.4166569748
4909.911711711712	948544.7655341774
4914.916616616617	948766.714824017
4919.921521521522	948988.265595307
4924.926426426427	949209.4189130819
4929.931331331331	949430.1758386146
4934.936236236236	949650.5374294327
4939.941141141141	949870.504739335
4944.946046046046	950090.0788184074
4949.950950950951	950309.2607130388
4954.955855855856	950528.0514659384
4959.96076076076	950746.4521161508
4964.965665665666	950964.4636990716
4969.970570570571	951182.087246464
4974.975475475476	951399.3237864749
4979.980380380381	951616.1743436493
4984.9852852852855	951832.6399389472
4989.99019019019	952048.7215897578
4994.995095095095	952264.420309917
5000.0	952479.7371097199
