98	143.81
98.1	145.0725
98.2	142.05
98.3	162.2675
98.4	183.725
98.5	187.8825
98.6	184.815
98.7	171.9875
98.8	189.795
98.9	197.935
99	226.995
99.1	256.8175
99.2	335.0575
99.3	340.025
99.4	299.6975
99.5	221.185
99.6	157.4775
99.7	134.9175
99.8	125.2825
99.9	121.5275
100	120.22
100.1	126.27
100.2	128.435
100.3	139.7425
100.4	134.1825
100.5	168.61
100.6	191.9425
100.7	202.1575
100.8	184.14
100.9	157.74
101	156.0225
101.1	176.9225
101.2	201.1925
101.3	200.35
101.4	193.1425
101.5	167.6275
101.6	157.4075
101.7	156.56
101.8	136.44
101.9	145.5525
102	143
102.1	142.6825
102.2	144.42
102.3	138.595
102.4	146.6225
