85	8.71E-22
85.06	9.7E-22
85.1	9.3E-22
85.15	8.87E-22
85.18	8.6E-22
85.2	9.17E-22
85.21	9.71E-22
85.25	1.06E-21
85.3	1.203E-21
85.32	1.26E-21
85.35	1.168E-21
85.4	1.016E-21
85.45	8.63E-22
85.5	7.1E-22
85.55	7.73E-22
85.6	8.36E-22
85.62	8.61E-22
85.65	8.99E-22
85.7	9.62E-22
85.73	1E-21
85.77	9.31E-22
85.8	8.78E-22
85.85	7.92E-22
85.9	7.05E-22
85.92	6.7E-22
86	7.01E-22
86.04	7.17E-22
86.1	7.4E-22
86.15	7.66E-22
86.2	7.93E-22
86.3	8.46E-22
86.32	8.56E-22
86.4	8.98E-22
86.46	9.3E-22
86.5	8.81E-22
86.52	8.56E-22
86.54	8.31E-22
86.6	7.57E-22
86.65	6.96E-22
86.7	6.34E-22
86.75	5.72E-22
86.8	6.03E-22
86.85	6.58E-22
86.9	7.12E-22
86.95	7.66E-22
87	8.2E-22
87.08	9.23E-22
87.1	9.49E-22
87.14	1E-21
87.2	9.31E-22
87.25	8.73E-22
87.3	8.15E-22
87.35	7.57E-22
87.4	6.99E-22
87.45	6.41E-22
87.5	5.83E-22
87.52	5.6E-22
87.55	6.41E-22
87.6	7.75E-22
87.62	8.29E-22
87.65	9.1E-22
87.7	1.044E-21
87.75	1.179E-21
87.72	1.238E-21
87.85	1.274E-21
87.89	1.204E-21
87.92	1.158E-21
87.95	1.108E-21
87.98	1.059E-21
88	1.026E-21
88.05	9.43E-22
88.1	8.6E-22
88.15	7.78E-22
88.2	6.95E-22
88.25	6.12E-22
88.27	5.79E-22
88.3	5.3E-22
88.33	4.8E-22
88.35	5.85E-22
88.4	8.47E-22
88.45	1.109E-21
88.5	1.371E-21
88.55	1.633E-21
88.58	1.79E-21
88.6	1.711E-21
88.65	1.512E-21
88.69	1.353E-21
88.75	1.115E-21
88.8	9.17E-22
88.85	7.18E-22
88.9	5.2E-22
88.95	6E-22
89	7.5E-22
89.05	9E-22
89.1	1.05E-21
89.15	9.76E-22
89.2	8.46E-22
89.25	7.16E-22
89.3	5.86E-22
89.35	8.09E-22
89.4	1.12E-21
89.45	9.64E-22
89.47	9.02E-22
89.5	8.09E-22
89.55	6.53E-22
89.58	5.6E-22
89.6	5.84E-22
89.65	6.44E-22
89.7	7.04E-22
89.72	7.28E-22
89.75	7.03E-22
89.8	6.1E-22
89.85	5.17E-22
89.87	4.8E-22
89.9	5.62E-22
89.95	6.99E-22
90	8.35E-22
90.02	8.9E-22
90.05	1.04E-21
90.1	1.29E-21
90.13	1.258E-21
90.15	1.176E-21
90.2	9.7E-22
90.3	1.031E-21
90.35	1.062E-21
90.38	1.08E-21
90.4	1.08E-21
90.45	9E-22
90.5	7.71E-22
90.55	6.42E-22
90.6	5.13E-22
90.64	4.1E-22
90.7	6.54E-22
90.74	8.16E-22
90.8	1.06E-21
90.85	1.263E-21
90.9	1.466E-21
90.95	1.669E-21
90.98	1.615E-21
91	1.52E-21
91.04	1.704E-21
91.1	1.523E-21
91.15	1.296E-21
91.17	1.178E-21
91.2	1.07E-21
91.23	9.24E-22
91.25	8.43E-22
91.3	6.16E-22
91.33	4.8E-22
91.35	5.17E-22
91.4	6.1E-22
91.45	7.03E-22
91.47	7.4E-22
91.5	6.3E-22
91.55	4.47E-22
91.6	8.93E-22
91.65	1.496E-21
91.7	2.099E-21
91.72	2.34E-21
91.75	2.149E-21
91.8	1.83E-21
91.85	1.511E-21
91.89	1.256E-21
91.95	8.74E-22
91.99	6.19E-22
92.04	3E-22
92.09	4.39E-22
92.15	5.73E-22
92.2	6.97E-22
92.25	8.21E-22
92.28	8.96E-22
92.3	9.45E-22
92.35	8.9E-22
92.37	1.18E-21
92.4	1.615E-21
92.43	2.05E-21
92.45	2.34E-21
92.5	1.822E-21
92.55	1.303E-21
92.6	7.85E-22
92.62	5.77E-22
92.64	3.7E-22
92.7	3.9E-22
92.76	4.1E-22
92.8	3.46E-22
92.85	3.62E-22
92.9	4.02E-22
93	3.7E-22
93.05	2.228E-21
93.07	2.372E-21
93.1	1.991E-21
93.15	1.23E-21
93.19	1.954E-21
93.24	2.86E-21
93.3	2.376E-21
93.33	2.07E-21
93.35	1.973E-21
93.4	1.57E-21
93.45	1.167E-21
93.5	7.64E-22
93.53	5.22E-22
93.55	3.61E-22
93.6	7.36E-22
93.65	1.307E-21
93.7	1.877E-21
93.75	2.447E-21
93.78	2.789E-21
93.79	2.903E-21
93.85	3.588E-21
93.9	4.158E-21
93.93	4.5E-21
93.95	4.34E-21
94	3.94E-21
94.05	3.54E-21
94.1	3.14E-21
94.15	2.74E-21
94.2	2.34E-21
94.24	2.02E-21
94.3	1.54E-21
94.33	1.3E-21
94.35	1.14E-21
94.4	7.4E-22
94.45	3.4E-22
94.5	9.52E-22
94.6	2.681E-21
94.7	4.41E-21
94.77	5.62E-21
94.8	4.997E-21
94.85	3.958E-21
94.9	2.92E-21
94.95	1.882E-21
94.97	1.383E-21
95	8.43E-22
95.03	2.2E-22
95.05	4.08E-22
95.1	8.76E-22
95.2	1.814E-21
95.3	2.751E-21
95.4	3.689E-21
95.5	4.626E-21
95.59	5.47E-21
95.65	3.543E-21
95.67	2.9E-21
95.7	3.53E-21
95.75	2.983E-21
95.8	2.437E-21
95.82	2.218E-21
95.85	1.89E-21
95.88	1.562E-21
95.9	1.343E-21
95.95	7.97E-22
96	2.5E-22
96.05	5.95E-22
96.1	9.39E-22
96.15	1.284E-21
96.19	1.56E-21
96.25	9.67E-22
96.28	6.7E-22
96.3	9.98E-22
96.4	2.639E-21
96.5	4.28E-21
96.55	5.1E-21
96.6	4.604E-21
96.65	4.108E-21
96.7	3.612E-21
96.75	3.116E-21
96.8	2.62E-21
96.9	1.629E-21
96.95	1.133E-21
97	6.37E-22
97.04	2.4E-22
97.1	1.074E-21
97.15	1.77E-21
97.2	2.465E-21
97.25	3.16E-21
97.29	4.28E-21
97.35	2.885E-21
97.4	1.723E-21
97.45	5.6E-22
97.5	1.885E-21
97.53	2.68E-21
97.55	2.586E-21
97.6	2.352E-21
97.65	2.117E-21
97.7	1.882E-21
97.75	1.648E-21
97.8	1.413E-21
97.85	1.178E-21
97.9	9.44E-22
97.95	7.09E-22
98	4.75E-22
98.05	2.4E-22
98.1	1.02E-21
98.15	1.801E-21
98.2	2.581E-21
98.25	3.361E-21
98.3	4.142E-21
98.33	4.61E-21
98.35	4.175E-21
98.4	3.088E-21
98.45	2.002E-21
98.5	9.15E-22
98.52	4.8E-22
98.55	5.91E-22
98.59	7.4E-22
98.63	6.56E-22
98.7	5.1E-22
98.8	3E-22
98.85	4.8E-22
98.9	3.3E-22
98.96	1.5E-22
98.97	2.76E-22
99	4.15E-22
99.1	1.079E-21
99.15	1.411E-21
99.2	1.743E-21
99.29	2.34E-21
99.32	2.16E-21
99.35	2.45E-21
99.4	2.139E-21
99.5	1.516E-21
99.6	8.93E-22
99.7	2.7E-22
99.72	1.45E-22
99.8	1.46E-22
99.9	1.48E-22
100	1.49E-22
100.1	2.69E-22
100.2	3.9E-22
100.3	5.1E-22
100.4	6.3E-22
100.43	5.6E-22
100.46	6.3E-22
100.5	5.41E-22
100.6	3.17E-22
100.68	1.38E-22
100.7	1.46E-22
100.79	1.82E-22
100.9	1.44E-22
100.94	1.52E-22
101	1.45E-22
101.02	1.43E-22
101.1	1.34E-22
101.14	1.3E-22
101.2	1.15E-22
101.23	1.08E-22
101.3	1.23E-22
101.35	1.34E-22
101.39	1.12E-22
101.5	1.48E-22
101.58	1.75E-22
101.6	1.19E-22
101.64	1.38E-22
101.69	1.08E-22
101.72	1.6E-22
101.78	9.7E-23
101.8	1.19E-22
101.83	1.52E-22
101.88	1.08E-22
101.9	1.19E-22
101.94	1.41E-22
102	1.28E-22
102.04	1.19E-22
102.08	1.6E-22
102.1	1.4E-22
102.16	1.64E-22
102.2	1.47E-22
102.24	1.3E-22
102.3	1.64E-22
102.34	1.86E-22
102.4	1.43E-22
102.46	1E-22
102.5	1.45E-22
102.53	1.79E-22
102.57	1.64E-22
102.6	1.52E-22
102.7	1.11E-22