85	3.8E-22
85.06	3.98E-22
85.1	3.87E-22
85.15	3.73E-22
85.18	3.65E-22
85.2	3.91E-22
85.21	4.16E-22
85.25	4.58E-22
85.3	5.26E-22
85.32	5.54E-22
85.35	5.1E-22
85.4	4.38E-22
85.45	3.67E-22
85.5	2.98E-22
85.55	3.26E-22
85.6	3.55E-22
85.62	3.66E-22
85.65	3.83E-22
85.7	4.12E-22
85.73	4.3E-22
85.77	3.94E-22
85.8	3.68E-22
85.85	3.25E-22
85.9	2.84E-22
85.92	2.68E-22
86	3.55E-22
86.04	4.01E-22
86.1	4.74E-22
86.15	4.88E-22
86.2	5.03E-22
86.3	5.32E-22
86.32	5.37E-22
86.4	5.6E-22
86.46	5.77E-22
86.5	5.42E-22
86.52	5.26E-22
86.54	5.09E-22
86.6	4.59E-22
86.65	4.18E-22
86.7	3.78E-22
86.75	3.38E-22
86.8	3.56E-22
86.85	3.88E-22
86.9	4.2E-22
86.95	4.52E-22
87	4.84E-22
87.08	5.44E-22
87.1	5.6E-22
87.14	5.9E-22
87.2	5.56E-22
87.25	5.27E-22
87.3	4.98E-22
87.35	4.67E-22
87.4	4.36E-22
87.45	4.04E-22
87.5	3.72E-22
87.52	3.58E-22
87.55	4.13E-22
87.6	5.07E-22
87.62	5.45E-22
87.65	6.03E-22
87.7	7.01E-22
87.75	8.01E-22
87.72	8.46E-22
87.85	8.75E-22
87.89	8.23E-22
87.92	7.89E-22
87.95	7.53E-22
87.98	7.17E-22
88	6.93E-22
88.05	6.33E-22
88.1	5.74E-22
88.15	5.16E-22
88.2	4.59E-22
88.25	4.02E-22
88.27	3.79E-22
88.3	3.45E-22
88.33	3.12E-22
88.35	3.79E-22
88.4	5.46E-22
88.45	7.1E-22
88.5	8.72E-22
88.55	1.033E-21
88.58	1.128E-21
88.6	1.095E-21
88.65	1.007E-21
88.69	9.29E-22
88.75	8E-22
88.8	6.81E-22
88.85	5.52E-22
88.9	4.13E-22
88.95	4.8E-22
89	6E-22
89.05	7.2E-22
89.1	8.4E-22
89.15	7.81E-22
89.2	6.77E-22
89.25	5.73E-22
89.3	4.69E-22
89.35	6.11E-22
89.4	7.84E-22
89.45	7.85E-22
89.47	7.76E-22
89.5	6.34E-22
89.55	4.29E-22
89.58	3.25E-22
89.6	3.41E-22
89.65	3.83E-22
89.7	4.25E-22
89.72	4.43E-22
89.75	4.29E-22
89.8	3.74E-22
89.85	3.18E-22
89.87	2.95E-22
89.9	3.46E-22
89.95	4.31E-22
90	5.17E-22
90.02	5.52E-22
90.05	6.4E-22
90.1	7.83E-22
90.13	7.57E-22
90.15	7.03E-22
90.2	5.72E-22
90.3	7.29E-22
90.35	8.12E-22
90.38	8.64E-22
90.4	8.1E-22
90.45	6.81E-22
90.5	5.6E-22
90.55	4.46E-22
90.6	3.41E-22
90.64	2.62E-22
90.7	4.24E-22
90.74	5.34E-22
90.8	7.02E-22
90.85	8.45E-22
90.9	9.91E-22
90.95	1.14E-21
90.98	1.11E-21
91	1.049E-21
91.04	1.08E-21
91.1	9.58E-22
91.15	8.27E-22
91.17	7.57E-22
91.2	6.92E-22
91.23	6.03E-22
91.25	5.53E-22
91.3	4.09E-22
91.33	3.22E-22
91.35	3.56E-22
91.4	4.48E-22
91.45	5.49E-22
91.47	5.92E-22
91.5	4.66E-22
91.55	2.86E-22
91.6	5.71E-22
91.65	9.95E-22
91.7	1.448E-21
91.72	1.638E-21
91.75	1.588E-21
91.8	1.47E-21
91.85	1.312E-21
91.89	1.156E-21
91.95	7.51E-22
91.99	5.07E-22
92.04	2.31E-22
92.09	3.41E-22
92.15	4.49E-22
92.2	5.51E-22
92.25	6.9E-22
92.28	7.74E-22
92.3	8.32E-22
92.35	5.7E-22
92.37	1.062E-21
92.4	1.397E-21
92.43	1.701E-21
92.45	2.059E-21
92.5	1.502E-21
92.55	1.003E-21
92.6	5.6E-22
92.62	4E-22
92.64	2.48E-22
92.7	2.67E-22
92.76	2.86E-22
92.8	2.45E-22
92.85	2.59E-22
92.9	2.91E-22
93	2.74E-22
93.05	1.669E-21
93.07	1.786E-21
93.1	1.508E-21
93.15	9.41E-22
93.19	1.509E-21
93.24	2.231E-21
93.3	1.87E-21
93.33	1.638E-21
93.35	1.564E-21
93.4	1.254E-21
93.45	9.39E-22
93.5	6.19E-22
93.53	4.25E-22
93.55	2.94E-22
93.6	6.05E-22
93.65	1.081E-21
93.7	1.564E-21
93.75	2.053E-21
93.78	2.35E-21
93.79	2.45E-21
93.85	3.052E-21
93.9	3.561E-21
93.93	3.87E-21
93.95	3.659E-21
94	3.154E-21
94.05	2.683E-21
94.1	2.247E-21
94.15	1.844E-21
94.2	1.475E-21
94.24	1.205E-21
94.3	8.4E-22
94.33	6.76E-22
94.35	6.56E-22
94.4	5.28E-22
94.45	2.9E-22
94.5	8.25E-22
94.6	2.238E-21
94.7	3.539E-21
94.77	4.384E-21
94.8	3.892E-21
94.85	3.075E-21
94.9	2.263E-21
94.95	1.455E-21
94.97	1.068E-21
95	6.5E-22
95.03	1.69E-22
95.05	3.14E-22
95.1	6.75E-22
95.2	1.397E-21
95.3	2.118E-21
95.4	2.84E-21
95.5	3.562E-21
95.59	4.212E-21
95.65	2.728E-21
95.67	2.233E-21
95.7	2.965E-21
95.75	2.431E-21
95.8	1.925E-21
95.82	1.73E-21
95.85	1.446E-21
95.88	1.172E-21
95.9	9.94E-22
95.95	5.7E-22
96	1.73E-22
96.05	4.17E-22
96.1	6.68E-22
96.15	9.27E-22
96.19	1.14E-21
96.25	7.19E-22
96.28	5.03E-22
96.3	7.55E-22
96.4	2.085E-21
96.5	3.524E-21
96.55	4.284E-21
96.6	3.811E-21
96.65	3.35E-21
96.7	2.902E-21
96.75	2.465E-21
96.8	2.041E-21
96.9	1.228E-21
96.95	8.4E-22
97	4.65E-22
97.04	1.73E-22
97.1	7.43E-22
97.15	1.181E-21
97.2	1.587E-21
97.25	1.959E-21
97.29	2.431E-21
97.35	1.414E-21
97.4	7.32E-22
97.45	2.02E-22
97.5	1.067E-21
97.53	1.849E-21
97.55	1.827E-21
97.6	1.758E-21
97.65	1.67E-21
97.7	1.562E-21
97.75	1.363E-21
97.8	1.165E-21
97.85	9.68E-22
97.9	7.73E-22
97.95	5.79E-22
98	3.86E-22
98.05	1.94E-22
98.1	8.37E-22
98.15	1.497E-21
98.2	2.174E-21
98.25	2.867E-21
98.3	3.577E-21
98.33	4.011E-21
98.35	3.629E-21
98.4	2.679E-21
98.45	1.732E-21
98.5	7.9E-22
98.52	4.14E-22
98.55	5.1E-22
98.59	6.36E-22
98.63	5.72E-22
98.7	4.54E-22
98.8	2.76E-22
98.85	4.03E-22
98.9	2.58E-22
98.96	1.07E-22
98.97	1.91E-22
99	2.87E-22
99.1	7.45E-22
99.15	9.74E-22
99.2	1.295E-21
99.29	1.961E-21
99.32	1.879E-21
99.35	2.083E-21
99.4	1.803E-21
99.5	1.257E-21
99.6	7.29E-22
99.7	2.16E-22
99.72	1.16E-22
99.8	1.18E-22
99.9	1.2E-22
100	1.22E-22
100.1	2.24E-22
100.2	3.29E-22
100.3	4.37E-22
100.4	5.48E-22
100.43	4.85E-22
100.46	5.44E-22
100.5	4.65E-22
100.6	2.69E-22
100.68	1.16E-22
100.7	1.22E-22
100.79	1.51E-22
100.9	1.18E-22
100.94	1.24E-22
101	1.17E-22
101.02	1.15E-22
101.1	1.07E-22
101.14	1.03E-22
101.2	9.1E-23
101.23	8.4E-23
101.3	9.5E-23
101.35	1.03E-22
101.39	8.6E-23
101.5	1.12E-22
101.58	1.3E-22
101.6	8.8E-23
101.64	1.02E-22
101.69	7.9E-23
101.72	1.17E-22
101.78	7E-23
101.8	8.6E-23
101.83	1.09E-22
101.88	7.7E-23
101.9	8.5E-23
101.94	1E-22
102	9E-23
102.04	8.3E-23
102.08	1.11E-22
102.1	9.7E-23
102.16	1.12E-22
102.2	1E-22
102.24	8.8E-23
102.3	1.09E-22
102.34	1.24E-22
102.4	9.4E-23
102.46	6.5E-23
102.5	9.4E-23
102.53	1.15E-22
102.57	1.05E-22
102.6	0
102.7	0