1	1.00E-22
4	6.00E-21
7.5	3.75E-20
9.9	7.01E-20
12.5	1.35E-19
13.4	1.45E-19
19	3.51E-19
26.9	5.02E-20
36	1.00E-19
41.3	2.36E-19
48.6	2.67E-19
51.5	2.21E-19
52.8	3.37E-19
57.7	4.03E-19
63.6	4.53E-19
68	4.54E-19
70.8	5.85E-19
72.5	4.03E-19
80	7.27E-19
91.8	1.03E-18
93	7.08E-19
100	9.61E-19
107.8	1.43E-18
120.5	1.12E-18
130.5	2.11E-18
151.5	2.14E-18
165.3	3.45E-18
167.5	3.69E-18
169.8	3.72E-18
172.2	3.84E-18
172.5	3.01E-18
174.6	4.01E-18
177.1	4.28E-18
179.7	4.29E-18
182.3	4.46E-18
185	3.71E-18
185.1	4.54E-18
187.9	4.45E-18
190.7	4.76E-18
193.7	5.06E-18
196.8	5.07E-18
197.5	4.46E-18
200	5.27E-18
203.3	5.59E-18
206.6	5.73E-18
209.3	5.24E-18
210.1	5.87E-18
212.5	5.55E-18
213.8	6.13E-18
217.5	6.21E-18
221.4	6.38E-18
225.4	6.92E-18
229.6	7.13E-18
230	6.71E-18
233.9	7.42E-18
238.4	7.61E-18
243.1	7.97E-18
247.2	7.67E-18
248	8.30E-18
250	8.08E-18
253	8.39E-18
257	8.90E-18
258.3	9.12E-18
263.8	9.13E-18
269.5	9.36E-18
270	9.95E-18
275.5	9.98E-18
281.8	1.03E-17
288.3	1.05E-17
295	1.22E-17
295.2	1.08E-17
302.4	1.13E-17
303.8	1.13E-17
310	1.15E-17
317.9	1.16E-17
326.3	1.19E-17
335.1	1.27E-17
344.4	1.29E-17
354.2	1.32E-17
364.7	1.36E-17
375.7	1.40E-17
387.5	1.46E-17
400	1.48E-17
413.3	1.53E-17
427.5	1.55E-17
430.2	1.37E-17
435	1.61E-17
442.8	1.60E-17
459.2	1.65E-17
476.9	1.71E-17
495.9	1.82E-17
507.7	1.73E-17
508.2	1.81E-17
516.6	1.88E-17
522.2	1.65E-17
525.8	1.89E-17
537	1.67E-17
539.1	1.97E-17
553.3	1.93E-17
554.1	2.02E-17
554.5	2.10E-17
555.3	2.02E-17
563.6	2.05E-17
584.3	2.05E-17
590.4	2.44E-17
599.6	2.64E-17
610	2.42E-17
619.9	2.46E-17
625	2.28E-17
629.7	2.74E-17
647.5	2.87E-17
652.6	2.22E-17
660	2.55E-17
670	2.25E-17
682.5	1.95E-17
685	2.30E-17
685.5	1.59E-17
685.8	1.59E-17
686.3	1.94E-17
688.8	2.00E-17
702.3	1.77E-17
703.8	1.94E-17
729.3	1.38E-17
760.4	1.00E-17
765.1	1.20E-17
770.4	1.10E-17
774.9	1.19E-17
780.3	1.10E-17
787.7	1.30E-17
790.1	1.00E-17
790.2	1.00E-17
826.6	9.14E-18
832.8	1.18E-17
832.9	1.17E-17
833.3	5.58E-18
833.7	5.33E-18
834.5	4.08E-18
835.1	3.72E-18
835.3	3.72E-18
885.6	5.23E-18
904	6.30E-18
923	1.96E-17
930.7	1.70E-17
937.8	3.00E-18
949.7	4.00E-18
953.7	6.08E-18
972.5	2.50E-17
977	2.50E-18
989.8	9.51E-19
991.6	1.21E-18
1025.7	9.80E-19
1027.6	6.85E-20
1029.4	3.70E-24
1030.8	4.78E-24
1032.2	7.54E-24
1033.2	3.55E-23
1034.3	1.25E-23
1035.5	7.43E-24
1036.6	9.57E-24
1038.4	1.87E-23
1040	3.19E-23
1044.2	3.74E-24
1045.3	8.98E-24
1047.2	5.08E-23
1049.1	7.50E-23
1050.7	1.82E-23
1052.5	8.70E-23
1055.7	2.31E-23
1060	5.77E-23
1062	3.82E-23
1066.7	2.17E-22
1067.4	5.83E-24
1069.3	2.80E-24
1072.8	7.16E-23
1073.3	5.80E-23
1074.2	1.16E-22
1076	1.27E-23
1077.1	1.30E-23
1077.2	6.90E-24
1080.9	1.82E-22
1081.8	1.22E-22
1082.1	2.33E-22
1082.7	3.99E-23
1083.3	2.18E-22
1084.6	9.39E-23
1085.6	2.55E-22
1087.3	2.20E-23
1088.2	7.68E-23
1089	4.73E-23
1089.6	5.12E-23
1091.9	5.73E-24
1094	1.57E-23
1094.8	4.87E-24
1097.2	3.26E-23
1098.1	1.26E-23
1101.7	1.50E-22
1102	5.19E-23
1104.8	1.17E-22
1106	9.66E-23
1108.1	5.00E-25
1116.2	5.64E-23
1118.5	9.46E-24
1120.6	1.13E-22
1121.5	1.01E-22
1122.7	2.47E-22
1123.9	1.08E-22
1124.9	3.27E-22
1126.4	2.79E-24
1127.1	1.52E-22
1130.4	8.18E-24
1137.8	4.93E-22
1142.9	1.57E-24
1144.1	4.43E-24
1144.8	3.58E-24
1148	5.47E-23
1148.6	2.33E-23
1150.8	4.65E-22
1151.8	2.20E-22
1153.5	1.22E-21
1157	3.68E-24
1158.6	9.15E-24
1160	5.93E-24
1162.9	5.29E-22
1163.8	3.12E-22
1164.2	1.12E-21
1166.5	4.25E-24
1173	2.78E-22
1179.5	5.92E-23
1186.5	7.29E-24
1194	9.54E-23
1201.5	1.18E-21
1208.5	2.31E-21
1216	1.73E-22
1223.5	7.04E-23
1231	1.40E-22
1238.5	1.08E-22
1239.9	5.20E-22
1246	5.85E-21
1254	3.10E-22
1262	1.54E-22
1270	4.08E-23
1278	7.85E-23
1286	1.75E-22
1294.5	2.27E-22
1303	1.77E-22
1311.5	2.98E-22
1320	6.49E-22
1328.5	1.04E-21
1337.5	1.09E-21
1346.5	2.22E-21
1355.5	3.63E-21
1365	4.90E-21
1374.5	6.53E-21
1377.6	3.64E-21
1384	7.20E-21
1393.5	7.61E-21
1400.3	7.98E-21
1410.4	8.26E-21
1418	8.36E-21
1420.2	8.35E-21
1430	8.62E-21
1438.5	9.31E-21
1440	8.90E-21
1449.8	8.92E-21
1459.5	9.32E-21
1461.5	8.90E-21
1470.7	8.88E-21
1479	8.91E-21
1481	8.95E-21
1488.7	8.61E-21
1500	8.24E-21
1503.5	8.38E-21
1511	7.92E-21
1521	7.55E-21
1526.5	7.57E-21
1530.2	7.23E-21
1539.8	6.83E-21
1549.8	6.79E-21
1550	6.59E-21
1551	6.30E-21
1560.8	5.82E-21
1570.5	5.35E-21
1574.5	5.51E-21
1580.3	4.88E-21
1589.5	4.43E-21
1600	4.35E-21
1601	3.88E-21
1610.1	3.50E-21
1626	3.16E-21
1630	2.69E-21
1641	2.31E-21
1651	1.97E-21
1653	1.99E-21
1660	1.71E-21
1670.2	1.45E-21
1680	1.22E-21
1681	1.23E-21
1690	9.90E-22
1700	8.07E-22
1709.5	7.15E-22
1710	6.43E-22
1720	5.15E-22
1730	4.08E-22
1731.5	4.49E-22
1740	3.21E-22
1746.5	2.66E-22
1753	5.06E-24
1756	2.71E-24
1760	0.00E+00
1764	0.00E+00
1766	0.00E+00
1768	0.00E+00
1769	0.00E+00
1771.2	0.00E+00
1772	0.00E+00
1774	0.00E+00
1775	0.00E+00
1778	0.00E+00
1781	0.00E+00
1783	0.00E+00
1786	0.00E+00
1790	0.00E+00
1792	0.00E+00
1792.1	0.00E+00
1792.2	0.00E+00
1792.3	0.00E+00
1792.4	0.00E+00
1792.5	0.00E+00
1792.6	0.00E+00
1792.7	0.00E+00
1792.8	0.00E+00
1792.9	0.00E+00
1793	0.00E+00
1793.1	0.00E+00
1793.2	0.00E+00
1793.3	0.00E+00
1793.4	0.00E+00
1793.5	0.00E+00
1793.6	0.00E+00
1793.7	0.00E+00
1793.8	0.00E+00
1793.9	0.00E+00
1794	0.00E+00
1794.1	0.00E+00
1794.2	0.00E+00
1794.3	0.00E+00
1794.4	0.00E+00
1794.5	0.00E+00
1794.6	0.00E+00
1794.7	0.00E+00
1794.8	0.00E+00
1794.9	0.00E+00
1795	0.00E+00
1795.1	0.00E+00
1795.2	0.00E+00
1795.3	0.00E+00
1795.4	0.00E+00
1795.5	0.00E+00
1795.6	0.00E+00
1795.7	0.00E+00
1795.8	0.00E+00
1795.9	0.00E+00
1796	0.00E+00
1796.1	0.00E+00
1796.2	0.00E+00
1796.3	0.00E+00
1796.4	0.00E+00
1796.5	0.00E+00
1796.6	0.00E+00
1796.7	0.00E+00
1796.8	0.00E+00
1796.9	0.00E+00
1797	0.00E+00
1797.1	0.00E+00
1797.2	0.00E+00
1797.3	0.00E+00
1797.4	0.00E+00
1797.5	0.00E+00
1797.6	0.00E+00
1797.7	0.00E+00
1797.8	0.00E+00
1797.9	0.00E+00
1798	0.00E+00
1798.1	0.00E+00
1798.2	0.00E+00
1798.3	0.00E+00
1798.4	0.00E+00
1798.5	0.00E+00
1798.6	0.00E+00
1798.7	0.00E+00
1798.8	0.00E+00
1798.9	0.00E+00
1799	0.00E+00
1799.1	0.00E+00
1799.2	0.00E+00
1799.3	0.00E+00
1799.4	0.00E+00
1799.5	0.00E+00
1799.6	0.00E+00
1799.7	0.00E+00
1799.8	0.00E+00
1799.9	0.00E+00
1800	0.00E+00
1800.1	0.00E+00
1800.2	0.00E+00
1800.3	0.00E+00
1800.4	0.00E+00
1800.5	0.00E+00
1800.6	0.00E+00
1800.7	0.00E+00
1800.8	0.00E+00
1800.9	0.00E+00
1801	0.00E+00
1801.1	0.00E+00
1801.2	0.00E+00
1801.3	0.00E+00
1801.4	0.00E+00
1801.5	0.00E+00
1801.6	0.00E+00
1801.7	0.00E+00
1801.8	0.00E+00
1801.9	0.00E+00
1802	0.00E+00
1802.1	0.00E+00
1802.2	0.00E+00
1802.3	0.00E+00
1802.4	0.00E+00
1802.5	0.00E+00
1802.6	0.00E+00
1802.7	0.00E+00
1802.8	0.00E+00
1802.9	0.00E+00
1803	0.00E+00
1803.1	0.00E+00
1803.2	0.00E+00
1803.3	0.00E+00
1803.4	0.00E+00
1803.5	0.00E+00
1803.6	0.00E+00
1803.7	0.00E+00
1803.8	0.00E+00
1803.9	0.00E+00
1804	0.00E+00
1804.1	0.00E+00
1804.2	0.00E+00
1804.3	0.00E+00
1804.4	0.00E+00
1804.5	0.00E+00
1804.6	0.00E+00
1804.7	0.00E+00
1804.8	0.00E+00
1804.9	0.00E+00
1805	0.00E+00
1805.1	0.00E+00
1805.2	0.00E+00
1805.3	0.00E+00
1805.4	0.00E+00
1805.5	0.00E+00
1805.6	0.00E+00
1805.7	0.00E+00
1805.8	0.00E+00
1805.9	0.00E+00
1806	0.00E+00
1806.1	0.00E+00
1806.2	0.00E+00
1806.3	0.00E+00
1806.4	0.00E+00
1806.5	0.00E+00
1806.6	0.00E+00
1806.7	0.00E+00
1806.8	0.00E+00
1806.9	0.00E+00
1807	0.00E+00
1807.1	0.00E+00
1807.2	0.00E+00
1807.3	0.00E+00
1807.4	0.00E+00
1807.5	0.00E+00
1807.6	0.00E+00
1807.7	0.00E+00
1807.8	0.00E+00
1807.9	0.00E+00
1808	0.00E+00
1808.1	0.00E+00
1808.2	0.00E+00
1808.3	0.00E+00
1808.4	0.00E+00
1808.5	0.00E+00
1808.6	0.00E+00
1808.7	0.00E+00
1808.8	0.00E+00
1808.9	0.00E+00
1809	0.00E+00
1809.1	0.00E+00
1809.2	0.00E+00
1809.3	0.00E+00
1809.4	0.00E+00
1809.5	0.00E+00
1809.6	0.00E+00
1809.7	0.00E+00
1809.8	0.00E+00
1809.9	0.00E+00
1810	0.00E+00
1810.1	0.00E+00
1810.2	0.00E+00
1810.3	0.00E+00
1810.4	0.00E+00
1810.5	0.00E+00
1810.6	0.00E+00
1810.7	0.00E+00
1810.8	0.00E+00
1810.9	0.00E+00
1811	0.00E+00
1811.1	0.00E+00
1811.2	0.00E+00
1811.3	0.00E+00
1811.4	0.00E+00
1811.5	0.00E+00
1811.6	0.00E+00
1811.7	0.00E+00
1811.8	0.00E+00
1811.9	0.00E+00
1812	0.00E+00
1812.1	0.00E+00
1812.2	0.00E+00
1812.3	0.00E+00
1812.4	0.00E+00
1812.5	0.00E+00
1812.6	0.00E+00
1812.7	0.00E+00
1812.8	0.00E+00
1812.9	0.00E+00
1813	0.00E+00
1813.1	0.00E+00
1813.2	0.00E+00
1813.3	0.00E+00
1813.4	0.00E+00
1813.5	0.00E+00
1813.6	0.00E+00
1813.7	0.00E+00
1813.8	0.00E+00
1813.9	0.00E+00
1814	0.00E+00
1814.1	0.00E+00
1814.2	0.00E+00
1814.3	0.00E+00
1814.4	0.00E+00
1814.5	0.00E+00
1814.6	0.00E+00
1814.7	0.00E+00
1814.8	0.00E+00
1814.9	0.00E+00
1815	0.00E+00
1815.1	0.00E+00
1815.2	0.00E+00
1815.3	0.00E+00
1815.4	0.00E+00
1815.5	0.00E+00
1815.6	0.00E+00
1815.7	0.00E+00
1815.8	0.00E+00
1815.9	0.00E+00
1816	0.00E+00
1816.1	0.00E+00
1816.2	0.00E+00
1816.3	0.00E+00
1816.4	0.00E+00
1816.5	0.00E+00
1816.6	0.00E+00
1816.7	0.00E+00
1816.8	0.00E+00
1816.9	0.00E+00
1817	0.00E+00
1817.1	0.00E+00
1817.2	0.00E+00
1817.3	0.00E+00
1817.4	0.00E+00
1817.5	0.00E+00
1817.6	0.00E+00
1817.7	0.00E+00
1817.8	0.00E+00
1817.9	0.00E+00
1818	0.00E+00
1818.1	0.00E+00
1818.2	0.00E+00
1818.3	0.00E+00
1818.4	0.00E+00
1818.5	0.00E+00
1818.6	0.00E+00
1818.7	0.00E+00
1818.8	0.00E+00
1818.9	0.00E+00
1819	0.00E+00
1819.1	0.00E+00
1819.2	0.00E+00
1819.3	0.00E+00
1819.4	0.00E+00
1819.5	0.00E+00
1819.6	0.00E+00
1819.7	0.00E+00
1819.8	0.00E+00
1819.9	0.00E+00
1820	0.00E+00
1820.1	0.00E+00
1820.2	0.00E+00
1820.3	0.00E+00
1820.4	0.00E+00
1820.5	0.00E+00
1820.6	0.00E+00
1820.7	0.00E+00
1820.8	0.00E+00
1820.9	0.00E+00
1821	0.00E+00
1821.1	0.00E+00
1821.2	0.00E+00
1821.3	0.00E+00
1821.4	0.00E+00
1821.5	0.00E+00
1821.6	0.00E+00
1821.7	0.00E+00
1821.8	0.00E+00
1821.9	0.00E+00
1822	0.00E+00
1822.1	0.00E+00
1822.2	0.00E+00
1822.3	0.00E+00
1822.4	0.00E+00
1822.5	0.00E+00
1822.6	0.00E+00
1822.7	0.00E+00
1822.8	0.00E+00
1822.9	0.00E+00
1823	0.00E+00
1823.1	0.00E+00
1823.2	0.00E+00
1823.3	0.00E+00
1823.4	0.00E+00
1823.5	0.00E+00
1823.6	0.00E+00
1823.7	0.00E+00
1823.8	0.00E+00
1823.9	0.00E+00
1824	0.00E+00
1824.1	0.00E+00
1824.2	0.00E+00
1824.3	0.00E+00
1824.4	0.00E+00
1824.5	0.00E+00
1824.6	0.00E+00
1824.7	0.00E+00
1824.8	0.00E+00
1824.9	0.00E+00
1825	0.00E+00
1825.1	0.00E+00
1825.2	0.00E+00
1825.3	0.00E+00
1825.4	0.00E+00
1825.5	0.00E+00
1825.6	0.00E+00
1825.7	0.00E+00
1825.8	0.00E+00
1825.9	0.00E+00
1826	0.00E+00
1826.1	0.00E+00
1826.2	0.00E+00
1826.3	0.00E+00
1826.4	0.00E+00
1826.5	0.00E+00
1826.6	0.00E+00
1826.7	0.00E+00
1826.8	0.00E+00
1826.9	0.00E+00
1827	0.00E+00
1827.1	0.00E+00
1827.2	0.00E+00
1827.3	0.00E+00
1827.4	0.00E+00
1827.5	0.00E+00
1827.6	0.00E+00
1827.7	0.00E+00
1827.8	0.00E+00
1827.9	0.00E+00
1828	0.00E+00
1828.1	0.00E+00
1828.2	0.00E+00
1828.3	0.00E+00
1828.4	0.00E+00
1828.5	0.00E+00
1828.6	0.00E+00
1828.7	0.00E+00
1828.8	0.00E+00
1828.9	0.00E+00
1829	0.00E+00
1829.1	0.00E+00
1829.2	0.00E+00
1829.3	0.00E+00
1829.4	0.00E+00
1829.5	0.00E+00
1829.6	0.00E+00
1829.7	0.00E+00
1829.8	0.00E+00
1829.9	0.00E+00
1830	0.00E+00
1830.1	0.00E+00
1830.2	0.00E+00
1830.3	0.00E+00
1830.4	0.00E+00
1830.5	0.00E+00
1830.6	0.00E+00
1830.7	0.00E+00
1830.8	0.00E+00
1830.9	0.00E+00
1831	0.00E+00
1831.1	0.00E+00
1831.2	0.00E+00
1831.3	0.00E+00
1831.4	0.00E+00
1831.5	0.00E+00
1831.6	0.00E+00
1831.7	0.00E+00
1831.8	0.00E+00
1831.9	0.00E+00
1832	0.00E+00
1832.1	0.00E+00
1832.2	0.00E+00
1832.3	0.00E+00
1832.4	0.00E+00
1832.5	0.00E+00
1832.6	0.00E+00
1832.7	0.00E+00
1832.8	0.00E+00
1832.9	0.00E+00
1833	0.00E+00
1833.1	0.00E+00
1833.2	0.00E+00
1833.3	0.00E+00
1833.4	0.00E+00
1833.5	0.00E+00
1833.6	0.00E+00
1833.7	0.00E+00
1833.8	0.00E+00
1833.9	0.00E+00
1834	0.00E+00
1834.1	0.00E+00
1834.2	0.00E+00
1834.3	0.00E+00
1834.4	0.00E+00
1834.5	0.00E+00
1834.6	0.00E+00
1834.7	0.00E+00
1834.8	0.00E+00
1834.9	0.00E+00
1835	0.00E+00
1835.1	0.00E+00
1835.2	0.00E+00
1835.3	0.00E+00
1835.4	0.00E+00
1835.5	0.00E+00
1835.6	0.00E+00
1835.7	0.00E+00
1835.8	0.00E+00
1835.9	0.00E+00
1836	0.00E+00
1836.1	0.00E+00
1836.2	0.00E+00
1836.3	0.00E+00
1836.4	0.00E+00
1836.5	0.00E+00
1836.6	0.00E+00
1836.7	0.00E+00
1836.8	0.00E+00
1836.9	0.00E+00
1837	0.00E+00
1837.1	0.00E+00
1837.2	0.00E+00
1837.3	0.00E+00
1837.4	0.00E+00
1837.5	0.00E+00
1837.6	0.00E+00
1837.7	0.00E+00
1837.8	0.00E+00
1837.9	0.00E+00
1838	0.00E+00
1838.1	0.00E+00
1838.2	0.00E+00
1838.3	0.00E+00
1838.4	0.00E+00
1838.5	0.00E+00
1838.6	0.00E+00
1838.7	0.00E+00
1838.8	0.00E+00
1838.9	0.00E+00
1839	0.00E+00
1839.1	0.00E+00
1839.2	0.00E+00
1839.3	0.00E+00
1839.4	0.00E+00
1839.5	0.00E+00
1839.6	0.00E+00
1839.7	0.00E+00
1839.8	0.00E+00
1839.9	0.00E+00
1840	0.00E+00
1840.1	0.00E+00
1840.2	0.00E+00
1840.3	0.00E+00
1840.4	0.00E+00
1840.5	0.00E+00
1840.6	0.00E+00
1840.7	0.00E+00
1840.8	0.00E+00
1840.9	0.00E+00
1841	0.00E+00
1841.1	0.00E+00
1841.2	0.00E+00
1841.3	0.00E+00
1841.4	0.00E+00
1841.5	0.00E+00
1841.6	0.00E+00
1841.7	0.00E+00
1841.8	0.00E+00
1841.9	0.00E+00
1842	0.00E+00
1842.1	0.00E+00
1842.2	0.00E+00
1842.3	0.00E+00
1842.4	0.00E+00
1842.5	0.00E+00
1842.6	0.00E+00
1842.7	0.00E+00
1842.8	0.00E+00
1842.9	0.00E+00
1843	0.00E+00
1843.1	0.00E+00
1843.2	0.00E+00
1843.3	0.00E+00
1843.4	0.00E+00
1843.5	0.00E+00
1843.6	0.00E+00
1843.7	0.00E+00
1843.8	0.00E+00
1843.9	0.00E+00
1844	0.00E+00
1844.1	0.00E+00
1844.2	0.00E+00
1844.3	0.00E+00
1844.4	0.00E+00
1844.5	0.00E+00
1844.6	0.00E+00
1844.7	0.00E+00
1844.8	0.00E+00
1844.9	0.00E+00
1845	0.00E+00
1845.1	0.00E+00
1845.2	0.00E+00
1845.3	0.00E+00
1845.4	0.00E+00
1845.5	0.00E+00
1845.6	0.00E+00
1845.7	0.00E+00
1845.8	0.00E+00
1845.9	0.00E+00
1846	0.00E+00
1846.1	0.00E+00
1846.2	0.00E+00
1846.3	0.00E+00
1846.4	0.00E+00
1846.5	0.00E+00
1846.6	0.00E+00
1846.7	0.00E+00
1846.8	0.00E+00
1846.9	0.00E+00
1847	0.00E+00
1847.1	0.00E+00
1847.2	0.00E+00
1847.3	0.00E+00
1847.4	0.00E+00
1847.5	0.00E+00
1847.6	0.00E+00
1847.7	0.00E+00
1847.8	0.00E+00
1847.9	0.00E+00
1848	0.00E+00
1848.1	0.00E+00
1848.2	0.00E+00
1848.3	0.00E+00
1848.4	0.00E+00
1848.5	0.00E+00
1848.6	0.00E+00
1848.7	0.00E+00
1848.8	0.00E+00
1848.9	0.00E+00
1849	0.00E+00
1849.1	0.00E+00
1849.2	0.00E+00
1849.3	0.00E+00
1849.4	0.00E+00
1849.5	0.00E+00
1849.6	0.00E+00
1849.7	0.00E+00
1849.8	0.00E+00
1849.9	0.00E+00
1850	0.00E+00
1850.1	0.00E+00
1850.2	0.00E+00
1850.3	0.00E+00
1850.4	0.00E+00
1850.5	0.00E+00
1850.6	0.00E+00
1850.7	0.00E+00
1850.8	0.00E+00
1850.9	0.00E+00
1851	0.00E+00
1851.1	0.00E+00
1851.2	0.00E+00
1851.3	0.00E+00
1851.4	0.00E+00
1851.5	0.00E+00
1851.6	0.00E+00
1851.7	0.00E+00
1851.8	0.00E+00
1851.9	0.00E+00
1852	0.00E+00
1852.1	0.00E+00
1852.2	0.00E+00
1852.3	0.00E+00
1852.4	0.00E+00
1852.5	0.00E+00
1852.6	0.00E+00
1852.7	0.00E+00
1852.8	0.00E+00
1852.9	0.00E+00
1853	0.00E+00
1853.1	0.00E+00
1853.2	0.00E+00
1853.3	0.00E+00
1853.4	0.00E+00
1853.5	0.00E+00
1853.6	0.00E+00
1853.7	0.00E+00
1853.8	0.00E+00
1853.9	0.00E+00
1854	0.00E+00
1854.1	0.00E+00
1854.2	0.00E+00
1854.3	0.00E+00
1854.4	0.00E+00
1854.5	0.00E+00
1854.6	0.00E+00
1854.7	0.00E+00
1854.8	0.00E+00
1854.9	0.00E+00
1855	0.00E+00
1855.1	0.00E+00
1855.2	0.00E+00
1855.3	0.00E+00
1855.4	0.00E+00
1855.5	0.00E+00
1855.6	0.00E+00
1855.7	0.00E+00
1855.8	0.00E+00
1855.9	0.00E+00
1856	0.00E+00
1856.1	0.00E+00
1856.2	0.00E+00
1856.3	0.00E+00
1856.4	0.00E+00
1856.5	0.00E+00
1856.6	0.00E+00
1856.7	0.00E+00
1856.8	0.00E+00
1856.9	0.00E+00
1857	0.00E+00
1857.1	0.00E+00
1857.2	0.00E+00
1857.3	0.00E+00
1857.4	0.00E+00
1857.5	0.00E+00
1857.6	0.00E+00
1857.7	0.00E+00
1857.8	0.00E+00
1857.9	0.00E+00
1858	0.00E+00
1858.1	0.00E+00
1858.2	0.00E+00
1858.3	0.00E+00
1858.4	0.00E+00
1858.5	0.00E+00
1858.6	0.00E+00
1858.7	0.00E+00
1858.8	0.00E+00
1858.9	0.00E+00
1859	0.00E+00
1859.1	0.00E+00
1859.2	0.00E+00
1859.3	0.00E+00
1859.4	0.00E+00
1859.5	0.00E+00
1859.6	0.00E+00
1859.7	0.00E+00
1859.8	0.00E+00
1859.9	0.00E+00
1860	0.00E+00
1860.1	0.00E+00
1860.2	0.00E+00
1860.3	0.00E+00
1860.4	0.00E+00
1860.5	0.00E+00
1860.6	0.00E+00
1860.7	0.00E+00
1860.8	0.00E+00
1860.9	0.00E+00
1861	0.00E+00
1861.1	0.00E+00
1861.2	0.00E+00
1861.3	0.00E+00
1861.4	0.00E+00
1861.5	0.00E+00
1861.6	0.00E+00
1861.7	0.00E+00
1861.8	0.00E+00
1861.9	0.00E+00
1862	0.00E+00
1862.1	0.00E+00
1862.2	0.00E+00
1862.3	0.00E+00
1862.4	0.00E+00
1862.5	0.00E+00
1862.6	0.00E+00
1862.7	0.00E+00
1862.8	0.00E+00
1862.9	0.00E+00
1863	0.00E+00
1863.1	0.00E+00
1863.2	0.00E+00
1863.3	0.00E+00
1863.4	0.00E+00
1863.5	0.00E+00
1863.6	0.00E+00
1863.7	0.00E+00
1863.8	0.00E+00
1863.9	0.00E+00
1864	0.00E+00
1864.1	0.00E+00
1864.2	0.00E+00
1864.3	0.00E+00
1864.4	0.00E+00
1864.5	0.00E+00
1864.6	0.00E+00
1864.7	0.00E+00
1864.8	0.00E+00
1864.9	0.00E+00
1865	0.00E+00
1865.1	0.00E+00
1865.2	0.00E+00
1865.3	0.00E+00
1865.4	0.00E+00
1865.5	0.00E+00
1865.6	0.00E+00
1865.7	0.00E+00
1865.8	0.00E+00
1865.9	0.00E+00
1866	0.00E+00
1866.1	0.00E+00
1866.2	0.00E+00
1866.3	0.00E+00
1866.4	0.00E+00
1866.5	0.00E+00
1866.6	0.00E+00
1866.7	0.00E+00
1866.8	0.00E+00
1866.9	0.00E+00
1867	0.00E+00
1867.1	0.00E+00
1867.2	0.00E+00
1867.3	0.00E+00
1867.4	0.00E+00
1867.5	0.00E+00
1867.6	0.00E+00
1867.7	0.00E+00
1867.8	0.00E+00
1867.9	0.00E+00
1868	0.00E+00
1868.1	0.00E+00
1868.2	0.00E+00
1868.3	0.00E+00
1868.4	0.00E+00
1868.5	0.00E+00
1868.6	0.00E+00
1868.7	0.00E+00
1868.8	0.00E+00
1868.9	0.00E+00
1869	0.00E+00
1869.1	0.00E+00
1869.2	0.00E+00
1869.3	0.00E+00
1869.4	0.00E+00
1869.5	0.00E+00
1869.6	0.00E+00
1869.7	0.00E+00
1869.8	0.00E+00
1869.9	0.00E+00
1870	0.00E+00
1870.1	0.00E+00
1870.2	0.00E+00
1870.3	0.00E+00
1870.4	0.00E+00
1870.5	0.00E+00
1870.6	0.00E+00
1870.7	0.00E+00
1870.8	0.00E+00
1870.9	0.00E+00
1871	0.00E+00
1871.1	0.00E+00
1871.2	0.00E+00
1871.3	0.00E+00
1871.4	0.00E+00
1871.5	0.00E+00
1871.6	0.00E+00
1871.7	0.00E+00
1871.8	0.00E+00
1871.9	0.00E+00
1872	0.00E+00
1872.1	0.00E+00
1872.2	0.00E+00
1872.3	0.00E+00
1872.4	0.00E+00
1872.5	0.00E+00
1872.6	0.00E+00
1872.7	0.00E+00
1872.8	0.00E+00
1872.9	0.00E+00
1873	0.00E+00
1873.1	0.00E+00
1873.2	0.00E+00
1873.3	0.00E+00
1873.4	0.00E+00
1873.5	0.00E+00
1873.6	0.00E+00
1873.7	0.00E+00
1873.8	0.00E+00
1873.9	0.00E+00
1874	0.00E+00
1874.1	0.00E+00
1874.2	0.00E+00
1874.3	0.00E+00
1874.4	0.00E+00
1874.5	0.00E+00
1874.6	0.00E+00
1874.7	0.00E+00
1874.8	0.00E+00
1874.9	0.00E+00
1875	0.00E+00
1875.1	0.00E+00
1875.2	0.00E+00
1875.3	0.00E+00
1875.4	0.00E+00
1875.5	0.00E+00
1875.6	0.00E+00
1875.7	0.00E+00
1875.8	0.00E+00
1875.9	0.00E+00
1876	0.00E+00
1876.1	0.00E+00
1876.2	0.00E+00
1876.3	0.00E+00
1876.4	0.00E+00
1876.5	0.00E+00
1876.6	0.00E+00
1876.7	0.00E+00
1876.8	0.00E+00
1876.9	0.00E+00
1877	0.00E+00
1877.1	0.00E+00
1877.2	0.00E+00
1877.3	0.00E+00
1877.4	0.00E+00
1877.5	0.00E+00
1877.6	0.00E+00
1877.7	0.00E+00
1877.8	0.00E+00
1877.9	0.00E+00
1878	0.00E+00
1878.1	0.00E+00
1878.2	0.00E+00
1878.3	0.00E+00
1878.4	0.00E+00
1878.5	0.00E+00
1878.6	0.00E+00
1878.7	0.00E+00
1878.8	0.00E+00
1878.9	0.00E+00
1879	0.00E+00
1879.1	0.00E+00
1879.2	0.00E+00
1879.3	0.00E+00
1879.4	0.00E+00
1879.5	0.00E+00
1879.6	0.00E+00
1879.7	0.00E+00
1879.8	0.00E+00
1879.9	0.00E+00
1880	0.00E+00
1880.1	0.00E+00
1880.2	0.00E+00
1880.3	0.00E+00
1880.4	0.00E+00
1880.5	0.00E+00
1880.6	0.00E+00
1880.7	0.00E+00
1880.8	0.00E+00
1880.9	0.00E+00
1881	0.00E+00
1881.1	0.00E+00
1881.2	0.00E+00
1881.3	0.00E+00
1881.4	0.00E+00
1881.5	0.00E+00
1881.6	0.00E+00
1881.7	0.00E+00
1881.8	0.00E+00
1881.9	0.00E+00
1882	0.00E+00
1882.1	0.00E+00
1882.2	0.00E+00
1882.3	0.00E+00
1882.4	0.00E+00
1882.5	0.00E+00
1882.6	0.00E+00
1882.7	0.00E+00
1882.8	0.00E+00
1882.9	0.00E+00
1883	0.00E+00
1883.1	0.00E+00
1883.2	0.00E+00
1883.3	0.00E+00
1883.4	0.00E+00
1883.5	0.00E+00
1883.6	0.00E+00
1883.7	0.00E+00
1883.8	0.00E+00
1883.9	0.00E+00
1884	0.00E+00
1884.1	0.00E+00
1884.2	0.00E+00
1884.3	0.00E+00
1884.4	0.00E+00
1884.5	0.00E+00
1884.6	0.00E+00
1884.7	0.00E+00
1884.8	0.00E+00
1884.9	0.00E+00
1885	0.00E+00
1885.1	0.00E+00
1885.2	0.00E+00
1885.3	0.00E+00
1885.4	0.00E+00
1885.5	0.00E+00
1885.6	0.00E+00
1885.7	0.00E+00
1885.8	0.00E+00
1885.9	0.00E+00
1886	0.00E+00
1886.1	0.00E+00
1886.2	0.00E+00
1886.3	0.00E+00
1886.4	0.00E+00
1886.5	0.00E+00
1886.6	0.00E+00
1886.7	0.00E+00
1886.8	0.00E+00
1886.9	0.00E+00
1887	0.00E+00
1887.1	0.00E+00
1887.2	0.00E+00
1887.3	0.00E+00
1887.4	0.00E+00
1887.5	0.00E+00
1887.6	0.00E+00
1887.7	0.00E+00
1887.8	0.00E+00
1887.9	0.00E+00
1888	0.00E+00
1888.1	0.00E+00
1888.2	0.00E+00
1888.3	0.00E+00
1888.4	0.00E+00
1888.5	0.00E+00
1888.6	0.00E+00
1888.7	0.00E+00
1888.8	0.00E+00
1888.9	0.00E+00
1889	0.00E+00
1889.1	0.00E+00
1889.2	0.00E+00
1889.3	0.00E+00
1889.4	0.00E+00
1889.5	0.00E+00
1889.6	0.00E+00
1889.7	0.00E+00
1889.8	0.00E+00
1889.9	0.00E+00
1890	0.00E+00
1890.1	0.00E+00
1890.2	0.00E+00
1890.3	0.00E+00
1890.4	0.00E+00
1890.5	0.00E+00
1890.6	0.00E+00
1890.7	0.00E+00
1890.8	0.00E+00
1890.9	0.00E+00
1891	0.00E+00
1891.1	0.00E+00
1891.2	0.00E+00
1891.3	0.00E+00
1891.4	0.00E+00
1891.5	0.00E+00
1891.6	0.00E+00
1891.7	0.00E+00
1891.8	0.00E+00
1891.9	0.00E+00
1892	0.00E+00
1892.1	0.00E+00
1892.2	0.00E+00
1892.3	0.00E+00
1892.4	0.00E+00
1892.5	0.00E+00
1892.6	0.00E+00
1892.7	0.00E+00
1892.8	0.00E+00
1892.9	0.00E+00
1893	0.00E+00
1893.1	0.00E+00
1893.2	0.00E+00
1893.3	0.00E+00
1893.4	0.00E+00
1893.5	0.00E+00
1893.6	0.00E+00
1893.7	0.00E+00
1893.8	0.00E+00
1893.9	0.00E+00
1894	0.00E+00
1894.1	0.00E+00
1894.2	0.00E+00
1894.3	0.00E+00
1894.4	0.00E+00
1894.5	0.00E+00
1894.6	0.00E+00
1894.7	0.00E+00
1894.8	0.00E+00
1894.9	0.00E+00
1895	0.00E+00
1895.1	0.00E+00
1895.2	0.00E+00
1895.3	0.00E+00
1895.4	0.00E+00
1895.5	0.00E+00
1895.6	0.00E+00
1895.7	0.00E+00
1895.8	0.00E+00
1895.9	0.00E+00
1896	0.00E+00
1896.1	0.00E+00
1896.2	0.00E+00
1896.3	0.00E+00
1896.4	0.00E+00
1896.5	0.00E+00
1896.6	0.00E+00
1896.7	0.00E+00
1896.8	0.00E+00
1896.9	0.00E+00
1897	0.00E+00
1897.1	0.00E+00
1897.2	0.00E+00
1897.3	0.00E+00
1897.4	0.00E+00
1897.5	0.00E+00
1897.6	0.00E+00
1897.7	0.00E+00
1897.8	0.00E+00
1897.9	0.00E+00
1898	0.00E+00
1898.1	0.00E+00
1898.2	0.00E+00
1898.3	0.00E+00
1898.4	0.00E+00
1898.5	0.00E+00
1898.6	0.00E+00
1898.7	0.00E+00
1898.8	0.00E+00
1898.9	0.00E+00
1899	0.00E+00
1899.1	0.00E+00
1899.2	0.00E+00
1899.3	0.00E+00
1899.4	0.00E+00
1899.5	0.00E+00
1899.6	0.00E+00
1899.7	0.00E+00
1899.8	0.00E+00
1899.9	0.00E+00
1900	0.00E+00
1900.1	0.00E+00
1900.2	0.00E+00
1900.3	0.00E+00
1900.4	0.00E+00
1900.5	0.00E+00
1900.6	0.00E+00
1900.7	0.00E+00
1900.8	0.00E+00
1900.9	0.00E+00
1901	0.00E+00
1901.1	0.00E+00
1901.2	0.00E+00
1901.3	0.00E+00
1901.4	0.00E+00
1901.5	0.00E+00
1901.6	0.00E+00
1901.7	0.00E+00
1901.8	0.00E+00
1901.9	0.00E+00
1902	0.00E+00
1902.1	0.00E+00
1902.2	0.00E+00
1902.3	0.00E+00
1902.4	0.00E+00
1902.5	0.00E+00
1902.6	0.00E+00
1902.7	0.00E+00
1902.8	0.00E+00
1902.9	0.00E+00
1903	0.00E+00
1903.1	0.00E+00
1903.2	0.00E+00
1903.3	0.00E+00
1903.4	0.00E+00
1903.5	0.00E+00
1903.6	0.00E+00
1903.7	0.00E+00
1903.8	0.00E+00
1903.9	0.00E+00
1904	0.00E+00
1904.1	0.00E+00
1904.2	0.00E+00
1904.3	0.00E+00
1904.4	0.00E+00
1904.5	0.00E+00
1904.6	0.00E+00
1904.7	0.00E+00
1904.8	0.00E+00
1904.9	0.00E+00
1905	0.00E+00
1905.1	0.00E+00
1905.2	0.00E+00
1905.3	0.00E+00
1905.4	0.00E+00
1905.5	0.00E+00
1905.6	0.00E+00
1905.7	0.00E+00
1905.8	0.00E+00
1905.9	0.00E+00
1906	0.00E+00
1906.1	0.00E+00
1906.2	0.00E+00
1906.3	0.00E+00
1906.4	0.00E+00
1906.5	0.00E+00
1906.6	0.00E+00
1906.7	0.00E+00
1906.8	0.00E+00
1906.9	0.00E+00
1907	0.00E+00
1907.1	0.00E+00
1907.2	0.00E+00
1907.3	0.00E+00
1907.4	0.00E+00
1907.5	0.00E+00
1907.6	0.00E+00
1907.7	0.00E+00
1907.8	0.00E+00
1907.9	0.00E+00
1908	0.00E+00
1908.1	0.00E+00
1908.2	0.00E+00
1908.3	0.00E+00
1908.4	0.00E+00
1908.5	0.00E+00
1908.6	0.00E+00
1908.7	0.00E+00
1908.8	0.00E+00
1908.9	0.00E+00
1909	0.00E+00
1909.1	0.00E+00
1909.2	0.00E+00
1909.3	0.00E+00
1909.4	0.00E+00
1909.5	0.00E+00
1909.6	0.00E+00
1909.7	0.00E+00
1909.8	0.00E+00
1909.9	0.00E+00
1910	0.00E+00
1910.1	0.00E+00
1910.2	0.00E+00
1910.3	0.00E+00
1910.4	0.00E+00
1910.5	0.00E+00
1910.6	0.00E+00
1910.7	0.00E+00
1910.8	0.00E+00
1910.9	0.00E+00
1911	0.00E+00
1911.1	0.00E+00
1911.2	0.00E+00
1911.3	0.00E+00
1911.4	0.00E+00
1911.5	0.00E+00
1911.6	0.00E+00
1911.7	0.00E+00
1911.8	0.00E+00
1911.9	0.00E+00
1912	0.00E+00
1912.1	0.00E+00
1912.2	0.00E+00
1912.3	0.00E+00
1912.4	0.00E+00
1912.5	0.00E+00
1912.6	0.00E+00
1912.7	0.00E+00
1912.8	0.00E+00
1912.9	0.00E+00
1913	0.00E+00
1913.1	0.00E+00
1913.2	0.00E+00
1913.3	0.00E+00
1913.4	0.00E+00
1913.5	0.00E+00
1913.6	0.00E+00
1913.7	0.00E+00
1913.8	0.00E+00
1913.9	0.00E+00
1914	0.00E+00
1914.1	0.00E+00
1914.2	0.00E+00
1914.3	0.00E+00
1914.4	0.00E+00
1914.5	0.00E+00
1914.6	0.00E+00
1914.7	0.00E+00
1914.8	0.00E+00
1914.9	0.00E+00
1915	0.00E+00
1915.1	0.00E+00
1915.2	0.00E+00
1915.3	0.00E+00
1915.4	0.00E+00
1915.5	0.00E+00
1915.6	0.00E+00
1915.7	0.00E+00
1915.8	0.00E+00
1915.9	0.00E+00
1916	0.00E+00
1916.1	0.00E+00
1916.2	0.00E+00
1916.3	0.00E+00
1916.4	0.00E+00
1916.5	0.00E+00
1916.6	0.00E+00
1916.7	0.00E+00
1916.8	0.00E+00
1916.9	0.00E+00
1917	0.00E+00
1917.1	0.00E+00
1917.2	0.00E+00
1917.3	0.00E+00
1917.4	0.00E+00
1917.5	0.00E+00
1917.6	0.00E+00
1917.7	0.00E+00
1917.8	0.00E+00
1917.9	0.00E+00
1918	0.00E+00
1918.1	0.00E+00
1918.2	0.00E+00
1918.3	0.00E+00
1918.4	0.00E+00
1918.5	0.00E+00
1918.6	0.00E+00
1918.7	0.00E+00
1918.8	0.00E+00
1918.9	0.00E+00
1919	0.00E+00
1919.1	0.00E+00
1919.2	0.00E+00
1919.3	0.00E+00
1919.4	0.00E+00
1919.5	0.00E+00
1919.6	0.00E+00
1919.7	0.00E+00
1919.8	0.00E+00
1919.9	0.00E+00
1920	0.00E+00
1920.1	0.00E+00
1920.2	0.00E+00
1920.3	0.00E+00
1920.4	0.00E+00
1920.5	0.00E+00
1920.6	0.00E+00
1920.7	0.00E+00
1920.8	0.00E+00
1920.9	0.00E+00
1921	0.00E+00
1921.1	0.00E+00
1921.2	0.00E+00
1921.3	0.00E+00
1921.4	0.00E+00
1921.5	0.00E+00
1921.6	0.00E+00
1921.7	0.00E+00
1921.8	0.00E+00
1921.9	0.00E+00
1922	0.00E+00
1922.1	0.00E+00
1922.2	0.00E+00
1922.3	0.00E+00
1922.4	0.00E+00
1922.5	0.00E+00
1922.6	0.00E+00
1922.7	0.00E+00
1922.8	0.00E+00
1922.9	0.00E+00
1923	0.00E+00
1923.1	0.00E+00
1923.2	0.00E+00
1923.3	0.00E+00
1923.4	0.00E+00
1923.5	0.00E+00
1923.6	0.00E+00
1923.7	0.00E+00
1923.8	0.00E+00
1923.9	0.00E+00
1924	0.00E+00
1924.1	0.00E+00
1924.2	0.00E+00
1924.3	0.00E+00
1924.4	0.00E+00
1924.5	0.00E+00
1924.6	0.00E+00
1924.7	0.00E+00
1924.8	0.00E+00
1924.9	0.00E+00
1925	0.00E+00
1925.1	0.00E+00
1925.2	0.00E+00
1925.3	0.00E+00
1925.4	0.00E+00
1925.5	0.00E+00
1925.6	0.00E+00
1925.7	0.00E+00
1925.8	0.00E+00
1925.9	0.00E+00
1926	0.00E+00
1926.1	0.00E+00
1926.2	0.00E+00
1926.3	0.00E+00
1926.4	0.00E+00
1926.5	0.00E+00
1926.6	0.00E+00
1926.7	0.00E+00
1926.8	0.00E+00
1926.9	0.00E+00
1927	0.00E+00
1927.1	0.00E+00
1927.2	0.00E+00
1927.3	0.00E+00
1927.4	0.00E+00
1927.5	0.00E+00
1927.6	0.00E+00
1927.7	0.00E+00
1927.8	0.00E+00
1927.9	0.00E+00
1928	0.00E+00
1928.1	0.00E+00
1928.2	0.00E+00
1928.3	0.00E+00
1928.4	0.00E+00
1928.5	0.00E+00
1928.6	0.00E+00
1928.7	0.00E+00
1928.8	0.00E+00
1928.9	0.00E+00
1929	0.00E+00
1929.1	0.00E+00
1929.2	0.00E+00
1929.3	0.00E+00
1929.4	0.00E+00
1929.5	0.00E+00
1929.6	0.00E+00
1929.7	0.00E+00
1929.8	0.00E+00
1929.9	0.00E+00
1930	0.00E+00
1930.1	0.00E+00
1930.2	0.00E+00
1930.3	0.00E+00
1930.4	0.00E+00
1930.5	0.00E+00
1930.6	0.00E+00
1930.7	0.00E+00
1930.8	0.00E+00
1930.9	0.00E+00
1931	0.00E+00
1931.1	0.00E+00
1931.2	0.00E+00
1931.3	0.00E+00
1931.4	0.00E+00
1931.5	0.00E+00
1931.6	0.00E+00
1931.7	0.00E+00
1931.8	0.00E+00
1931.9	0.00E+00
1932	0.00E+00
1932.1	0.00E+00
1932.2	0.00E+00
1932.3	0.00E+00
1932.4	0.00E+00
1932.5	0.00E+00
1932.6	0.00E+00
1932.7	0.00E+00
1932.8	0.00E+00
1932.9	0.00E+00
1933	0.00E+00
1933.1	0.00E+00
1933.2	0.00E+00
1933.3	0.00E+00
1933.4	0.00E+00
1933.5	0.00E+00
1933.6	0.00E+00
1933.7	0.00E+00
1933.8	0.00E+00
1933.9	0.00E+00
1934	0.00E+00
1934.1	0.00E+00
1934.2	0.00E+00
1934.3	0.00E+00
1934.4	0.00E+00
1934.5	0.00E+00
1934.6	0.00E+00
1934.7	0.00E+00
1934.8	0.00E+00
1934.9	0.00E+00
1935	0.00E+00
1935.1	0.00E+00
1935.2	0.00E+00
1935.3	0.00E+00
1935.4	0.00E+00
1935.5	0.00E+00
1935.6	0.00E+00
1935.7	0.00E+00
1935.8	0.00E+00
1935.9	0.00E+00
1936	0.00E+00
1936.1	0.00E+00
1936.2	0.00E+00
1936.3	0.00E+00
1936.4	0.00E+00
1936.5	0.00E+00
1936.6	0.00E+00
1936.7	0.00E+00
1936.8	0.00E+00
1936.9	0.00E+00
1937	0.00E+00
1937.1	0.00E+00
1937.2	0.00E+00
1937.3	0.00E+00
1937.4	0.00E+00
1937.5	0.00E+00
1937.6	0.00E+00
1937.7	0.00E+00
1937.8	0.00E+00
1937.9	0.00E+00
1938	0.00E+00
1938.1	0.00E+00
1938.2	0.00E+00
1938.3	0.00E+00
1938.4	0.00E+00
1938.5	0.00E+00
1938.6	0.00E+00
1938.7	0.00E+00
1938.8	0.00E+00
1938.9	0.00E+00
1939	0.00E+00
1939.1	0.00E+00
1939.2	0.00E+00
1939.3	0.00E+00
1939.4	0.00E+00
1939.5	0.00E+00
1939.6	0.00E+00
1939.7	0.00E+00
1939.8	0.00E+00
1939.9	0.00E+00
1940	0.00E+00
1940.1	0.00E+00
1940.2	0.00E+00
1940.3	0.00E+00
1940.4	0.00E+00
1940.5	0.00E+00
1940.6	0.00E+00
1940.7	0.00E+00
1940.8	0.00E+00
1940.9	0.00E+00
1941	0.00E+00
1941.1	0.00E+00
1941.2	0.00E+00
1941.3	0.00E+00
1941.4	0.00E+00
1941.5	0.00E+00
1941.6	0.00E+00
1941.7	0.00E+00
1941.8	0.00E+00
1941.9	0.00E+00
1942	0.00E+00
1942.1	0.00E+00
1942.2	0.00E+00
1942.3	0.00E+00
1942.4	0.00E+00
1942.5	0.00E+00
1942.6	0.00E+00
1942.7	0.00E+00
1942.8	0.00E+00
1942.9	0.00E+00
1943	0.00E+00
1943.1	0.00E+00
1943.2	0.00E+00
1943.3	0.00E+00
1943.4	0.00E+00
1943.5	0.00E+00
1943.6	0.00E+00
1943.7	0.00E+00
1943.8	0.00E+00
1943.9	0.00E+00
1944	0.00E+00
1944.1	0.00E+00
1944.2	0.00E+00
1944.3	0.00E+00
1944.4	0.00E+00
1944.5	0.00E+00
1944.6	0.00E+00
1944.7	0.00E+00
1944.8	0.00E+00
1944.9	0.00E+00
1945	0.00E+00
1945.1	0.00E+00
1945.2	0.00E+00
1945.3	0.00E+00
1945.4	0.00E+00
1945.5	0.00E+00
1945.6	0.00E+00
1945.7	0.00E+00
1945.8	0.00E+00
1945.9	0.00E+00
1946	0.00E+00
1946.1	0.00E+00
1946.2	0.00E+00
1946.3	0.00E+00
1946.4	0.00E+00
1946.5	0.00E+00
1946.6	0.00E+00
1946.7	0.00E+00
1946.8	0.00E+00
1946.9	0.00E+00
1947	0.00E+00
1947.1	0.00E+00
1947.2	0.00E+00
1947.3	0.00E+00
1947.4	0.00E+00
1947.5	0.00E+00
1947.6	0.00E+00
1947.7	0.00E+00
1947.8	0.00E+00
1947.9	0.00E+00
1948	0.00E+00
1948.1	0.00E+00
1948.2	0.00E+00
1948.3	0.00E+00
1948.4	0.00E+00
1948.5	0.00E+00
1948.6	0.00E+00
1948.7	0.00E+00
1948.8	0.00E+00
1948.9	0.00E+00
1949	0.00E+00
1949.1	0.00E+00
1949.2	0.00E+00
1949.3	0.00E+00
1949.4	0.00E+00
1949.5	0.00E+00
1949.6	0.00E+00
1949.7	0.00E+00
1949.8	0.00E+00
1949.9	0.00E+00
1950	0.00E+00
1950.1	0.00E+00
1950.2	0.00E+00
1950.3	0.00E+00
1950.4	0.00E+00
1950.5	0.00E+00
1950.6	0.00E+00
1950.7	0.00E+00
1950.8	0.00E+00
1950.9	0.00E+00
1951	0.00E+00
1951.1	0.00E+00
1951.2	0.00E+00
1951.3	0.00E+00
1951.4	0.00E+00
1951.5	0.00E+00
1951.6	0.00E+00
1951.7	0.00E+00
1951.8	0.00E+00
1951.9	0.00E+00
1952	0.00E+00
1952.1	0.00E+00
1952.2	0.00E+00
1952.3	0.00E+00
1952.4	0.00E+00
1952.5	0.00E+00
1952.6	0.00E+00
1952.7	0.00E+00
1952.8	0.00E+00
1952.9	0.00E+00
1953	0.00E+00
1953.1	0.00E+00
1953.2	0.00E+00
1953.3	0.00E+00
1953.4	0.00E+00
1953.5	0.00E+00
1953.6	0.00E+00
1953.7	0.00E+00
1953.8	0.00E+00
1953.9	0.00E+00
1954	0.00E+00
1954.1	0.00E+00
1954.2	0.00E+00
1954.3	0.00E+00
1954.4	0.00E+00
1954.5	0.00E+00
1954.6	0.00E+00
1954.7	0.00E+00
1954.8	0.00E+00
1954.9	0.00E+00
1955	0.00E+00
1955.1	0.00E+00
1955.2	0.00E+00
1955.3	0.00E+00
1955.4	0.00E+00
1955.5	0.00E+00
1955.6	0.00E+00
1955.7	0.00E+00
1955.8	0.00E+00
1955.9	0.00E+00
1956	0.00E+00
1956.1	0.00E+00
1956.2	0.00E+00
1956.3	0.00E+00
1956.4	0.00E+00
1956.5	0.00E+00
1956.6	0.00E+00
1956.7	0.00E+00
1956.8	0.00E+00
1956.9	0.00E+00
1957	0.00E+00
1957.1	0.00E+00
1957.2	0.00E+00
1957.3	0.00E+00
1957.4	0.00E+00
1957.5	0.00E+00
1957.6	0.00E+00
1957.7	0.00E+00
1957.8	0.00E+00
1957.9	0.00E+00
1958	0.00E+00
1958.1	0.00E+00
1958.2	0.00E+00
1958.3	0.00E+00
1958.4	0.00E+00
1958.5	0.00E+00
1958.6	0.00E+00
1958.7	0.00E+00
1958.8	0.00E+00
1958.9	0.00E+00
1959	0.00E+00
1959.1	0.00E+00
1959.2	0.00E+00
1959.3	0.00E+00
1959.4	0.00E+00
1959.5	0.00E+00
1959.6	0.00E+00
1959.7	0.00E+00
1959.8	0.00E+00
1959.9	0.00E+00
1960	0.00E+00
1960.1	0.00E+00
1960.2	0.00E+00
1960.3	0.00E+00
1960.4	0.00E+00
1960.5	0.00E+00
1960.6	0.00E+00
1960.7	0.00E+00
1960.8	0.00E+00
1960.9	0.00E+00
1961	0.00E+00
1961.1	0.00E+00
1961.2	0.00E+00
1961.3	0.00E+00
1961.4	0.00E+00
1961.5	0.00E+00
1961.6	0.00E+00
1961.7	0.00E+00
1961.8	0.00E+00
1961.9	0.00E+00
1962	0.00E+00
1962.1	0.00E+00
1962.2	0.00E+00
1962.3	0.00E+00
1962.4	0.00E+00
1962.5	0.00E+00
1962.6	0.00E+00
1962.7	0.00E+00
1962.8	0.00E+00
1962.9	0.00E+00
1963	0.00E+00
1963.1	0.00E+00
1963.2	0.00E+00
1963.3	0.00E+00
1963.4	0.00E+00
1963.5	0.00E+00
1963.6	0.00E+00
1963.7	0.00E+00
1963.8	0.00E+00
1963.9	0.00E+00
1964	0.00E+00
1964.1	0.00E+00
1964.2	0.00E+00
1964.3	0.00E+00
1964.4	0.00E+00
1964.5	0.00E+00
1964.6	0.00E+00
1964.7	0.00E+00
1964.8	0.00E+00
1964.9	0.00E+00
1965	0.00E+00
1965.1	0.00E+00
1965.2	0.00E+00
1965.3	0.00E+00
1965.4	0.00E+00
1965.5	0.00E+00
1965.6	0.00E+00
1965.7	0.00E+00
1965.8	0.00E+00
1965.9	0.00E+00
1966	0.00E+00
1966.1	0.00E+00
1966.2	0.00E+00
1966.3	0.00E+00
1966.4	0.00E+00
1966.5	0.00E+00
1966.6	0.00E+00
1966.7	0.00E+00
1966.8	0.00E+00
1966.9	0.00E+00
1967	0.00E+00
1967.1	0.00E+00
1967.2	0.00E+00
1967.3	0.00E+00
1967.4	0.00E+00
1967.5	0.00E+00
1967.6	0.00E+00
1967.7	0.00E+00
1967.8	0.00E+00
1967.9	0.00E+00
1968	0.00E+00
1968.1	0.00E+00
1968.2	0.00E+00
1968.3	0.00E+00
1968.4	0.00E+00
1968.5	0.00E+00
1968.6	0.00E+00
1968.7	0.00E+00
1968.8	0.00E+00
1968.9	0.00E+00
1969	0.00E+00
1969.1	0.00E+00
1969.2	0.00E+00
1969.3	0.00E+00
1969.4	0.00E+00
1969.5	0.00E+00
1969.6	0.00E+00
1969.7	0.00E+00
1969.8	0.00E+00
1969.9	0.00E+00
1970	0.00E+00
1970.1	0.00E+00
1970.2	0.00E+00
1970.3	0.00E+00
1970.4	0.00E+00
1970.5	0.00E+00
1970.6	0.00E+00
1970.7	0.00E+00
1970.8	0.00E+00
1970.9	0.00E+00
1971	0.00E+00
1971.1	0.00E+00
1971.2	0.00E+00
1971.3	0.00E+00
1971.4	0.00E+00
1971.5	0.00E+00
1971.6	0.00E+00
1971.7	0.00E+00
1971.8	0.00E+00
1971.9	0.00E+00
1972	0.00E+00
1972.1	0.00E+00
1972.2	0.00E+00
1972.3	0.00E+00
1972.4	0.00E+00
1972.5	0.00E+00
1972.6	0.00E+00
1972.7	0.00E+00
1972.8	0.00E+00
1972.9	0.00E+00
1973	0.00E+00
1973.1	0.00E+00
1973.2	0.00E+00
1973.3	0.00E+00
1973.4	0.00E+00
1973.5	0.00E+00
1973.6	0.00E+00
1973.7	0.00E+00
1973.8	0.00E+00
1973.9	0.00E+00
1974	0.00E+00
1974.1	0.00E+00
1974.2	0.00E+00
1974.3	0.00E+00
1974.4	0.00E+00
1974.5	0.00E+00
1974.6	0.00E+00
1974.7	0.00E+00
1974.8	0.00E+00
1974.9	0.00E+00
1975	0.00E+00
1975.1	0.00E+00
1975.2	0.00E+00
1975.3	0.00E+00
1975.4	0.00E+00
1975.5	0.00E+00
1975.6	0.00E+00
1975.7	0.00E+00
1975.8	0.00E+00
1975.9	0.00E+00
1976	0.00E+00
1976.1	0.00E+00
1976.2	0.00E+00
1976.3	0.00E+00
1976.4	0.00E+00
1976.5	0.00E+00
1976.6	0.00E+00
1976.7	0.00E+00
1976.8	0.00E+00
1976.9	0.00E+00
1977	0.00E+00
1977.1	0.00E+00
1977.2	0.00E+00
1977.3	0.00E+00
1977.4	0.00E+00
1977.5	0.00E+00
1977.6	0.00E+00
1977.7	0.00E+00
1977.8	0.00E+00
1977.9	0.00E+00
1978	0.00E+00
1978.1	0.00E+00
1978.2	0.00E+00
1978.3	0.00E+00
1978.4	0.00E+00
1978.5	0.00E+00
1978.6	0.00E+00
1978.7	0.00E+00
1978.8	0.00E+00
1978.9	0.00E+00
1979	0.00E+00
1979.1	0.00E+00
1979.2	0.00E+00
1979.3	0.00E+00
1979.4	0.00E+00
1979.5	0.00E+00
1979.6	0.00E+00
1979.7	0.00E+00
1979.8	0.00E+00
1979.9	0.00E+00
1980	0.00E+00
1980.1	0.00E+00
1980.2	0.00E+00
1980.3	0.00E+00
1980.4	0.00E+00
1980.5	0.00E+00
1980.6	0.00E+00
1980.7	0.00E+00
1980.8	0.00E+00
1980.9	0.00E+00
1981	0.00E+00
1981.1	0.00E+00
1981.2	0.00E+00
1981.3	0.00E+00
1981.4	0.00E+00
1981.5	0.00E+00
1981.6	0.00E+00
1981.7	0.00E+00
1981.8	0.00E+00
1981.9	0.00E+00
1982	0.00E+00
1982.1	0.00E+00
1982.2	0.00E+00
1982.3	0.00E+00
1982.4	0.00E+00
1982.5	0.00E+00
1982.6	0.00E+00
1982.7	0.00E+00
1982.8	0.00E+00
1982.9	0.00E+00
1983	0.00E+00
1983.1	0.00E+00
1983.2	0.00E+00
1983.3	0.00E+00
1983.4	0.00E+00
1983.5	0.00E+00
1983.6	0.00E+00
1983.7	0.00E+00
1983.8	0.00E+00
1983.9	0.00E+00
1984	0.00E+00
1984.1	0.00E+00
1984.2	0.00E+00
1984.3	0.00E+00
1984.4	0.00E+00
1984.5	0.00E+00
1984.6	0.00E+00
1984.7	0.00E+00
1984.8	0.00E+00
1984.9	0.00E+00
1985	0.00E+00
1985.1	0.00E+00
1985.2	0.00E+00
1985.3	0.00E+00
1985.4	0.00E+00
1985.5	0.00E+00
1985.6	0.00E+00
1985.7	0.00E+00
1985.8	0.00E+00
1985.9	0.00E+00
1986	0.00E+00
1986.1	0.00E+00
1986.2	0.00E+00
1986.3	0.00E+00
1986.4	0.00E+00
1986.5	0.00E+00
1986.6	0.00E+00
1986.7	0.00E+00
1986.8	0.00E+00
1986.9	0.00E+00
1987	0.00E+00
1987.1	0.00E+00
1987.2	0.00E+00
1987.3	0.00E+00
1987.4	0.00E+00
1987.5	0.00E+00
1987.6	0.00E+00
1987.7	0.00E+00
1987.8	0.00E+00
1987.9	0.00E+00
1988	0.00E+00
1988.1	0.00E+00
1988.2	0.00E+00
1988.3	0.00E+00
1988.4	0.00E+00
1988.5	0.00E+00
1988.6	0.00E+00
1988.7	0.00E+00
1988.8	0.00E+00
1988.9	0.00E+00
1989	0.00E+00
1989.1	0.00E+00
1989.2	0.00E+00
1989.3	0.00E+00
1989.4	0.00E+00
1989.5	0.00E+00
1989.6	0.00E+00
1989.7	0.00E+00
1989.8	0.00E+00
1989.9	0.00E+00
1990	0.00E+00
1990.1	0.00E+00
1990.2	0.00E+00
1990.3	0.00E+00
1990.4	0.00E+00
1990.5	0.00E+00
1990.6	0.00E+00
1990.7	0.00E+00
1990.8	0.00E+00
1990.9	0.00E+00
1991	0.00E+00
1991.1	0.00E+00
1991.2	0.00E+00
1991.3	0.00E+00
1991.4	0.00E+00
1991.5	0.00E+00
1991.6	0.00E+00
1991.7	0.00E+00
1991.8	0.00E+00
1991.9	0.00E+00
1992	0.00E+00
1992.1	0.00E+00
1992.2	0.00E+00
1992.3	0.00E+00
1992.4	0.00E+00
1992.5	0.00E+00
1992.6	0.00E+00
1992.7	0.00E+00
1992.8	0.00E+00
1992.9	0.00E+00
1993	0.00E+00
1993.1	0.00E+00
1993.2	0.00E+00
1993.3	0.00E+00
1993.4	0.00E+00
1993.5	0.00E+00
1993.6	0.00E+00
1993.7	0.00E+00
1993.8	0.00E+00
1993.9	0.00E+00
1994	0.00E+00
1994.1	0.00E+00
1994.2	0.00E+00
1994.3	0.00E+00
1994.4	0.00E+00
1994.5	0.00E+00
1994.6	0.00E+00
1994.7	0.00E+00
1994.8	0.00E+00
1994.9	0.00E+00
1995	0.00E+00
1995.1	0.00E+00
1995.2	0.00E+00
1995.3	0.00E+00
1995.4	0.00E+00
1995.5	0.00E+00
1995.6	0.00E+00
1995.7	0.00E+00
1995.8	0.00E+00
1995.9	0.00E+00
1996	0.00E+00
1996.1	0.00E+00
1996.2	0.00E+00
1996.3	0.00E+00
1996.4	0.00E+00
1996.5	0.00E+00
1996.6	0.00E+00
1996.7	0.00E+00
1996.8	0.00E+00
1996.9	0.00E+00
1997	0.00E+00
1997.1	0.00E+00
1997.2	0.00E+00
1997.3	0.00E+00
1997.4	0.00E+00
1997.5	0.00E+00
1997.6	0.00E+00
1997.7	0.00E+00
1997.8	0.00E+00
1997.9	0.00E+00
1998	0.00E+00
1998.1	0.00E+00
1998.2	0.00E+00
1998.3	0.00E+00
1998.4	0.00E+00
1998.5	0.00E+00
1998.6	0.00E+00
1998.7	0.00E+00
1998.8	0.00E+00
1998.9	0.00E+00
1999	0.00E+00
1999.1	0.00E+00
1999.2	0.00E+00
1999.3	0.00E+00
1999.4	0.00E+00
1999.5	0.00E+00
1999.6	0.00E+00
1999.7	0.00E+00
1999.8	0.00E+00
1999.9	0.00E+00
2000	0.00E+00
2000.1	0.00E+00
2000.2	0.00E+00
2000.3	0.00E+00
2000.4	0.00E+00
2000.5	0.00E+00
2000.6	0.00E+00
2000.7	0.00E+00
2000.8	0.00E+00
2000.9	0.00E+00
2001	0.00E+00
2001.1	0.00E+00
2001.2	0.00E+00
2001.3	0.00E+00
2001.4	0.00E+00
2001.5	0.00E+00
2001.6	0.00E+00
2001.7	0.00E+00
2001.8	0.00E+00
2001.9	0.00E+00
2002	0.00E+00
2002.1	0.00E+00
2002.2	0.00E+00
2002.3	0.00E+00
2002.4	0.00E+00
2002.5	0.00E+00
2002.6	0.00E+00
2002.7	0.00E+00
2002.8	0.00E+00
2002.9	0.00E+00
2003	0.00E+00
2003.1	0.00E+00
2003.2	0.00E+00
2003.3	0.00E+00
2003.4	0.00E+00
2003.5	0.00E+00
2003.6	0.00E+00
2003.7	0.00E+00
2003.8	0.00E+00
2003.9	0.00E+00
2004	0.00E+00
2004.1	0.00E+00
2004.2	0.00E+00
2004.3	0.00E+00
2004.4	0.00E+00
2004.5	0.00E+00
2004.6	0.00E+00
2004.7	0.00E+00
2004.8	0.00E+00
2004.9	0.00E+00
2005	0.00E+00
2005.1	0.00E+00
2005.2	0.00E+00
2005.3	0.00E+00
2005.4	0.00E+00
2005.5	0.00E+00
2005.6	0.00E+00
2005.7	0.00E+00
2005.8	0.00E+00
2005.9	0.00E+00
2006	0.00E+00
2006.1	0.00E+00
2006.2	0.00E+00
2006.3	0.00E+00
2006.4	0.00E+00
2006.5	0.00E+00
2006.6	0.00E+00
2006.7	0.00E+00
2006.8	0.00E+00
2006.9	0.00E+00
2007	0.00E+00
2007.1	0.00E+00
2007.2	0.00E+00
2007.3	0.00E+00
2007.4	0.00E+00
2007.5	0.00E+00
2007.6	0.00E+00
2007.7	0.00E+00
2007.8	0.00E+00
2007.9	0.00E+00
2008	0.00E+00
2008.1	0.00E+00
2008.2	0.00E+00
2008.3	0.00E+00
2008.4	0.00E+00
2008.5	0.00E+00
2008.6	0.00E+00
2008.7	0.00E+00
2008.8	0.00E+00
2008.9	0.00E+00
2009	0.00E+00
2009.1	0.00E+00
2009.2	0.00E+00
2009.3	0.00E+00
2009.4	0.00E+00
2009.5	0.00E+00
2009.6	0.00E+00
2009.7	0.00E+00
2009.8	0.00E+00
2009.9	0.00E+00
2010	0.00E+00
2010.1	0.00E+00
2010.2	0.00E+00
2010.3	0.00E+00
2010.4	0.00E+00
2010.5	0.00E+00
2010.6	0.00E+00
2010.7	0.00E+00
2010.8	0.00E+00
2010.9	0.00E+00
2011	0.00E+00
2011.1	0.00E+00
2011.2	0.00E+00
2011.3	0.00E+00
2011.4	0.00E+00
2011.5	0.00E+00
2011.6	0.00E+00
2011.7	0.00E+00
2011.8	0.00E+00
2011.9	0.00E+00
2012	0.00E+00
2012.1	0.00E+00
2012.2	0.00E+00
2012.3	0.00E+00
2012.4	0.00E+00
2012.5	0.00E+00
2012.6	0.00E+00
2012.7	0.00E+00
2012.8	0.00E+00
2012.9	0.00E+00
2013	0.00E+00
2013.1	0.00E+00
2013.2	0.00E+00
2013.3	0.00E+00
2013.4	0.00E+00
2013.5	0.00E+00
2013.6	0.00E+00
2013.7	0.00E+00
2013.8	0.00E+00
2013.9	0.00E+00
2014	0.00E+00
2014.1	0.00E+00
2014.2	0.00E+00
2014.3	0.00E+00
2014.4	0.00E+00
2014.5	0.00E+00
2014.6	0.00E+00
2014.7	0.00E+00
2014.8	0.00E+00
2014.9	0.00E+00
2015	0.00E+00
2015.1	0.00E+00
2015.2	0.00E+00
2020	0.00E+00
2030	0.00E+00
2040	0.00E+00
2050	0.00E+00
2060	0.00E+00
2070	0.00E+00
2080	0.00E+00
2090	0.00E+00
2100	0.00E+00
2110	0.00E+00
2120	0.00E+00
2130	0.00E+00
2140	0.00E+00
2150	0.00E+00
2160	0.00E+00
2170	0.00E+00
2180	0.00E+00
2190	0.00E+00
2200	0.00E+00
2250	0.00E+00
2300	0.00E+00
2350	0.00E+00
2400	0.00E+00
2423.7	0.00E+00
